time,acc_x_g,acc_y_g,acc_z_g,gyro_x_rad_s,gyro_y_rad_s,gyro_z_rad_s
1765408013.058473,4.720229,-1.551889,8.509085,-0.011148,0.004734,-0.003054
1765408013.058723,-4.997608,-1.761717,8.715326,-0.007025,-0.010385,-0.000611
1765408013.058973,-4.990435,-1.776662,8.610711,-0.005651,-0.007330,-0.000916
1765408013.059223,-4.858321,-1.746772,8.377569,-0.008705,-0.005345,-0.001833
1765408013.059498,-4.925872,-1.744380,8.514465,-0.009468,-0.011301,-0.000305
1765408013.059698,-5.110592,-1.773673,8.786465,-0.009010,-0.011301,-0.000611
1765408013.059898,-5.089669,-1.814921,8.731467,-0.009010,-0.007636,-0.000611
1765408013.060098,-4.882831,-1.757532,8.365614,-0.006872,-0.003054,-0.001680
1765408013.060298,-4.851745,-1.752750,8.314202,-0.008247,-0.005651,-0.000458
1765408013.060466,-4.935437,-1.822094,8.567670,-0.008705,-0.011912,0.000153
1765408013.060716,-4.872668,-1.820899,8.371592,-0.008552,-0.004581,0.001527
1765408013.060966,-4.744141,-1.778455,8.085245,-0.008552,-0.001833,0.002596
1765408013.061216,-4.695719,-1.731229,8.102582,-0.005345,0.007636,0.007483
1765408013.061549,-4.583930,-1.829268,8.149210,-0.006109,0.010996,0.010385
1765408013.061749,-4.780009,-1.800573,8.368603,-0.008705,0.010690,0.005956
1765408013.061949,-5.094451,-1.910569,8.818746,-0.004429,0.017410,0.014050
1765408013.062149,-5.075323,-2.033716,8.736250,0.003512,0.022297,0.016799
1765408013.062349,-4.884026,-2.097680,8.362027,0.006567,0.019853,0.017868
1765408013.062498,-4.912721,-2.140124,8.149210,0.012523,0.022297,0.022907
1765408013.062748,-5.115973,-2.335605,8.585604,0.030696,0.029627,0.026878
1765408013.062998,-5.194882,-2.584289,8.868961,0.042913,0.039554,0.033598
1765408013.063248,-5.048421,-2.712816,8.776899,0.046731,0.041233,0.028100
1765408013.063553,-5.088473,-2.674557,8.570062,0.055131,0.033445,0.022449
1765408013.063803,-4.934242,-2.452176,8.102582,0.074067,0.026725,0.031765
1765408013.064053,-5.020325,-2.558584,8.392514,0.080634,0.031154,0.035736
1765408013.064303,-4.810497,-2.618962,8.391916,0.083689,0.053451,0.040470
1765408013.064480,-4.163677,-2.602821,8.242466,0.088881,0.047647,0.044746
1765408013.064730,-4.381874,-3.024868,8.303443,0.094531,0.046731,0.041692
1765408013.064980,-4.042922,-3.030248,7.525106,0.096669,0.046731,0.044135
1765408013.065230,-4.296987,-3.297465,7.808463,0.101404,0.047647,0.053756
1765408013.065467,-4.598278,-3.538976,8.110353,0.110261,0.050244,0.051465
1765408013.065667,-5.167384,-3.468436,8.953251,0.122326,0.043371,0.049480
1765408013.065867,-4.900765,-3.616092,8.479794,0.122173,0.058490,0.050855
1765408013.066067,-4.800334,-3.351267,8.081060,0.145844,0.052076,0.055741
1765408013.066267,-4.739358,-3.834887,8.320779,0.148746,0.055131,0.062614
1765408013.067515,-5.132711,-3.709947,8.583213,0.160352,0.055283,0.069333
1765408013.067765,-5.277379,-4.025586,8.928144,0.151953,0.064294,0.066432
1765408013.068015,-5.538019,-3.763749,9.090147,0.169210,0.068417,0.068111
1765408013.068265,-5.206838,-4.169057,8.681252,0.173638,0.068417,0.080023
1765408013.067561,-5.206838,-4.169057,8.681252,0.173638,0.059101,0.080023
1765408013.067811,-5.196676,-4.421329,8.706958,0.178831,0.069333,0.072693
1765408013.068061,-5.215805,-4.084170,8.642395,0.197768,0.071624,0.080634
1765408013.068311,-4.846962,-4.405786,8.382352,0.199753,0.078343,0.088575
1765408013.068485,-4.728598,-4.329268,8.544355,0.202960,0.084452,0.084910
1765408013.068735,-4.704686,-4.420134,8.652557,0.209527,0.082467,0.096975
1765408013.068985,-4.867288,-4.447632,8.556910,0.210138,0.067806,0.094226
1765408013.069235,-4.741750,-4.452415,8.248445,0.225715,0.082772,0.093462
1765408013.069564,-4.440459,-4.511597,8.266378,0.234572,0.095753,0.108429
1765408013.069814,-4.548063,-4.502630,8.596364,0.243735,0.095142,0.111636
1765408013.070064,-5.019129,-4.673601,9.059061,0.242055,0.091630,0.115301
1765408013.070314,-5.080105,-4.753108,8.851027,0.263436,0.107970,0.121409
1765408013.070483,-4.622190,-4.851745,8.244260,0.274126,0.107970,0.120799
1765408013.070733,-4.420134,-4.782400,8.690817,0.274126,0.115759,0.120799
1765408013.070983,-4.609636,-4.836202,8.889286,0.287718,0.119882,0.122478
1765408013.071233,-4.269488,-4.836202,8.134863,0.304669,0.115454,0.133321
1765408013.071568,-4.305356,-5.115973,8.674078,0.309861,0.141415,0.125838
1765408013.071818,-4.259923,-4.857723,8.676469,0.326507,0.141415,0.121257
1765408013.072068,-4.259923,-4.857723,8.676469,0.326507,0.126755,0.121257
1765408013.072318,-4.598278,-4.940219,8.932328,0.349262,0.151647,0.109498
1765408013.072549,-4.560019,-4.634146,9.292204,0.363770,0.151647,0.108734
1765408013.072799,-4.560019,-4.634146,9.292204,0.363770,0.145386,0.108734
1765408013.073049,-4.414753,-4.604854,9.047106,0.374308,0.145233,0.114995
1765408013.073299,-4.414753,-4.604854,9.047106,0.374308,0.169362,0.114995
1765408013.073550,-3.418221,-4.935437,8.560496,0.403324,0.163865,0.116675
1765408013.073800,-4.051888,-4.267097,9.363939,0.409585,0.163865,0.091935
1765408013.074050,-4.305356,-3.747010,9.457196,0.432034,0.178220,0.105985
1765408013.074300,-2.728957,-4.011238,7.832376,0.432493,0.204640,0.113010
1765408013.074512,-1.747967,-4.322094,7.200501,0.436463,0.212887,0.103847
1765408013.074762,-2.812649,-4.075801,8.646580,0.447153,0.201127,0.094531
1765408013.075012,-4.158297,-3.524031,9.949782,0.463799,0.198073,0.084452
1765408013.075262,-4.595887,-3.521042,10.701219,0.456622,0.236710,0.083689
1765408013.075545,-3.854614,-3.507890,9.913916,0.464868,0.262214,0.081398
1765408013.075795,-3.389526,-3.488761,9.195359,0.465937,0.242666,0.078343
1765408013.076045,-3.379961,-3.072094,8.941893,0.470366,0.251218,0.065210
1765408013.076295,-2.898134,-3.098995,8.702175,0.477086,0.296728,0.071777
1765408013.076550,-2.241152,-2.898134,8.437947,0.486554,0.316123,0.073304
1765408013.076800,-2.126972,-2.976446,8.417024,0.479987,0.311389,0.064141
1765408013.077050,-2.700860,-2.716403,8.750597,0.500451,0.317192,0.066279
1765408013.077300,-1.216523,-3.110951,7.398373,0.510989,0.339488,0.068111
1765408013.077577,-0.837518,-2.488044,7.155069,0.518014,0.353844,0.043982
1765408013.077827,-1.276901,-2.470708,7.955523,0.511905,0.360105,0.040928
1765408013.078077,-1.429938,-2.292563,8.222141,0.521221,0.373239,0.047342
1765408013.078327,-1.276901,-2.120995,7.772596,0.518930,0.389427,0.032834
1765408013.078500,-1.276901,-2.120995,7.772596,0.518930,0.418137,0.032834
1765408013.078750,-0.486609,-2.235772,7.464729,0.517556,0.422871,0.051313
1765408013.079000,-0.749641,-2.041487,7.467120,0.526566,0.424093,0.038790
1765408013.079250,-0.897896,-2.141320,7.301529,0.528246,0.430049,0.039554
1765408013.079497,-0.784314,-2.274031,7.290769,0.529162,0.454484,0.033139
1765408013.079747,-0.557150,-1.933285,6.709707,0.537714,0.459829,0.024740
1765408013.079997,-1.339072,-2.191535,7.753466,0.517861,0.461814,0.030849
1765408013.080247,-1.984098,-2.471305,8.280725,0.532216,0.477238,0.013744
1765408013.080516,-2.528694,-2.159254,8.388330,0.539089,0.493885,0.009621
1765408013.080766,-2.797704,-2.285389,8.391916,0.540158,0.488692,0.012370
1765408013.081016,-2.810856,-2.297346,8.032041,0.550084,0.504269,0.002138
1765408013.081266,-3.604734,-2.522118,8.730271,0.557109,0.510072,0.001374
1765408013.081467,-3.849234,-2.631516,9.354973,0.558025,0.539089,-0.016493
1765408013.081717,-4.247967,-1.856169,9.311333,0.561691,0.560469,-0.031612
1765408013.081967,-4.088952,-1.840028,9.026780,0.561691,0.572686,-0.031612
1765408013.082217,-3.907221,-1.826877,8.651361,0.555429,0.583529,-0.020769
1765408013.082472,-3.644786,-2.311693,8.393112,0.561080,0.600786,-0.015577
1765408013.082722,-4.298780,-1.972740,9.591104,0.561996,0.626900,-0.036652
1765408013.082972,-3.820540,-1.740794,9.024389,0.555124,0.650113,-0.042913
1765408013.083222,-3.162362,-1.391678,7.739717,0.563829,0.647975,-0.028405
1765408013.083499,-2.380440,-1.747967,6.709707,0.561843,0.661567,-0.029932
1765408013.083749,-1.572214,-1.681014,6.214729,0.571617,0.679588,-0.024129
1765408013.083999,-1.875896,-2.029531,7.094690,0.561232,0.687834,-0.033750
1765408013.084249,-2.433046,-1.724653,7.651840,0.563065,0.703106,-0.055131
1765408013.084528,-2.358321,-1.565040,7.171209,0.568257,0.700357,-0.054214
1765408013.084861,-2.284194,-1.691176,6.929698,0.569326,0.695776,-0.043830
1765408013.085195,-3.203013,-1.618842,8.088234,0.580780,0.730900,-0.061850
1765408013.085453,-3.797823,-1.757532,8.548540,0.572533,0.730900,-0.056810
1765408013.085703,-4.375299,-1.705523,8.663319,0.574213,0.722195,-0.058796
1765408013.085953,-5.111190,-1.942850,9.166067,0.566425,0.743423,-0.079107
1765408013.086203,-5.204447,-1.786824,9.663438,0.581086,0.768621,-0.074373
1765408013.086488,-5.161406,-1.863343,8.965805,0.575588,0.768621,-0.079412
1765408013.086738,-5.703609,-1.355811,9.470347,0.577268,0.768621,-0.086743
1765408013.086988,-5.541606,-2.217838,9.069821,0.577268,0.792445,-0.076664
1765408013.087238,-4.843376,-2.474294,8.170731,0.593914,0.797179,-0.085674
1765408013.087493,-4.843376,-2.474294,8.170731,0.593914,0.813214,-0.085674
1765408013.087743,-3.266379,-1.588952,6.930893,0.592234,0.823446,-0.120646
1765408013.087993,-2.621353,-1.291248,6.212337,0.600786,0.823446,-0.114537
1765408013.088243,-2.556791,-0.885342,6.200382,0.604146,0.829708,-0.104458
1765408013.088492,-2.973457,-1.533955,6.862146,0.602619,0.829708,-0.084910
1765408013.088742,-3.884504,-1.972740,7.532280,0.610254,0.824974,-0.084452
1765408013.088992,-4.955762,-1.892635,8.203012,0.615599,0.846201,-0.097891
1765408013.089242,-5.815399,-1.400645,8.314202,0.624152,0.846201,-0.097738
1765408013.089507,-5.550573,-1.729435,8.212577,0.623846,0.866971,-0.090408
1765408013.089757,-5.416069,-1.731229,7.905307,0.620486,0.882242,-0.097280
1765408013.090007,-4.982065,-1.646341,7.244140,0.624610,0.895834,-0.101404
1765408013.090257,-3.974174,-1.058106,6.477761,0.633162,0.908051,-0.100029
1765408013.090483,-3.060736,-0.648613,6.107125,0.629191,0.911716,-0.094073
1765408013.090816,-3.327355,-0.895504,6.399449,0.620181,0.914160,-0.082772
1765408013.091150,-3.642396,-1.147776,6.757532,0.631940,0.909273,-0.079412
1765408013.091525,-3.802008,-1.107126,6.725250,0.621708,0.909273,-0.096059
1765408013.091775,-4.451219,-0.596604,7.172404,0.612698,0.912938,-0.109650
1765408013.092025,-5.631276,-0.417862,8.173121,0.605367,0.929279,-0.102473
1765408013.092275,-5.784313,-0.795074,8.085843,0.605215,0.924697,-0.077274
1765408013.092474,-6.414992,-0.869201,8.027259,0.608269,0.961655,-0.087506
1765408013.092724,-6.843615,-0.585844,8.968196,0.619570,0.961655,-0.086590
1765408013.092974,-7.071376,-0.671927,9.457794,0.623388,0.974941,-0.071777
1765408013.093224,-6.463414,-0.628886,8.083451,0.620334,0.963182,-0.073915
1765408013.093449,-6.214729,-0.783118,7.747488,0.611782,0.971123,-0.078496
1765408013.093699,-5.121353,-0.979196,6.698946,0.618654,0.983646,-0.077427
1765408013.093949,-4.426111,-0.719153,6.242229,0.618348,0.986853,-0.085368
1765408013.094199,-4.547465,-0.576279,6.604494,0.611629,0.998001,-0.095906
1765408013.094580,-3.248445,-0.698230,5.827952,0.621097,0.992351,-0.082925
1765408013.094830,-3.151602,-1.311573,4.879244,0.621708,0.992351,-0.076664
1765408013.095080,-3.552726,-0.991152,5.690458,0.630413,0.999070,-0.107818
1765408013.095330,-4.014825,-0.272597,6.446676,0.637438,1.016480,-0.111636
1765408013.095485,-3.395504,0.395744,5.833333,0.633925,1.027170,-0.105985
1765408013.095735,-3.057149,0.445959,5.115973,0.621555,1.019992,-0.102625
1765408013.095985,-3.383548,0.339550,5.777139,0.622930,1.020145,-0.076664
1765408013.096235,-3.383548,0.339550,5.777139,0.622930,1.035111,-0.076664
1765408013.096504,-4.147537,-0.312052,6.627809,0.623541,1.033737,-0.095753
1765408013.096754,-4.935437,0.059182,6.813126,0.614989,1.038013,-0.109192
1765408013.097004,-6.162720,0.172764,7.803682,0.621861,1.046107,-0.085827
1765408013.097254,-6.580583,-0.457317,8.327353,0.626442,1.054811,-0.067959
1765408013.097476,-6.451458,-0.902080,8.279531,0.610254,1.066265,-0.080634
1765408013.097726,-6.804160,-0.946915,8.188067,0.619417,1.054048,-0.094531
1765408013.097976,-6.366570,-0.912243,7.590864,0.625984,1.052979,-0.092546
1765408013.098226,-6.331898,-0.842898,7.186752,0.633620,1.089325,-0.101098
1765408013.098466,-6.239837,-0.604974,7.443806,0.629649,1.089325,-0.112246
1765408013.098716,-5.838115,-0.480631,7.159253,0.635758,1.097419,-0.098960
1765408013.098966,-5.214011,-0.622908,6.151362,0.639729,1.093449,-0.095600
1765408013.099216,-4.606647,-0.498565,5.236728,0.640798,1.102001,-0.105527
1765408013.099556,-4.041128,-0.394548,5.243902,0.630566,1.125977,-0.110414
1765408013.099806,-3.717120,-0.114180,5.026303,0.631940,1.135904,-0.116370
1765408013.100056,-3.507293,-0.150646,5.332376,0.626137,1.135293,-0.110567
1765408013.100306,-3.687231,0.325203,5.669535,0.627969,1.142623,-0.116370
1765408013.100533,-3.778694,0.483022,5.307268,0.624304,1.130406,-0.109956
1765408013.100783,-3.778694,0.483022,5.307268,0.624304,1.135751,-0.109956
1765408013.101033,-4.272477,0.337757,5.829746,0.613461,1.158048,-0.113468
1765408013.101283,-4.307149,0.736490,6.327116,0.602313,1.178970,-0.107665
1765408013.101535,-5.026901,0.668340,6.730032,0.596204,1.158201,-0.100793
1765408013.101785,-5.762792,0.492587,7.117407,0.585820,1.155452,-0.089797
1765408013.102035,-6.203969,-0.349713,7.156264,0.585820,1.172098,-0.089797
1765408013.102285,-5.785509,-0.498565,6.453849,0.593914,1.193020,-0.085674
1765408013.102568,-5.906862,-0.474653,6.397058,0.599259,1.182177,-0.100793
1765408013.102818,-6.869320,0.074725,7.442610,0.598648,1.211346,-0.113010
1765408013.103068,-7.027737,0.318030,7.433045,0.603229,1.232115,-0.091324
1765408013.103318,-7.036106,-0.307269,7.076756,0.600175,1.228145,-0.071319
1765408013.103509,-6.698946,-0.604376,6.953609,0.600022,1.230130,-0.088270
1765408013.103759,-7.528694,-0.142874,7.709229,0.602008,1.257161,-0.107970
1765408013.104009,-7.006814,0.212219,7.082137,0.608269,1.254870,-0.095142
1765408013.104259,-6.287063,0.129125,6.452654,0.603229,1.254870,-0.087354
1765408013.104533,-5.493184,-0.288140,5.492587,0.595135,1.264796,-0.104611
1765408013.104783,-4.581539,0.100430,5.005978,0.604757,1.274112,-0.102625
1765408013.105033,-4.581539,0.100430,5.005978,0.604757,1.264186,-0.102625
1765408013.105283,-4.311932,0.392157,4.668818,0.602466,1.274570,-0.086437
1765408013.105514,-4.946198,-0.252272,5.219989,0.601702,1.274570,-0.072235
1765408013.105764,-5.571496,-0.547585,5.738880,0.614836,1.269683,-0.074373
1765408013.106014,-6.105929,-0.780727,6.264945,0.605367,1.273043,-0.094990
1765408013.106264,-6.583572,-0.079507,6.547704,0.602466,1.288468,-0.118202
1765408013.106503,-6.817311,-0.108800,6.441893,0.603077,1.300074,-0.103847
1765408013.106753,-7.343376,0.083692,7.113821,0.609033,1.297783,-0.104153
1765408013.107003,-7.481468,0.063965,6.780248,0.594219,1.323439,-0.113010
1765408013.107253,-7.170611,0.217599,6.521998,0.602619,1.325119,-0.091783
1765408013.107454,-6.950621,-0.270206,6.494499,0.606589,1.334741,-0.087201
1765408013.107704,-6.459229,-0.395744,6.006694,0.600786,1.320843,-0.092241
1765408013.107954,-5.239120,-0.781325,4.847560,0.597426,1.316873,-0.105832
1765408013.108204,-4.561214,-0.383788,3.536585,0.610407,1.308473,-0.116370
1765408013.108506,-4.916307,0.054400,4.384265,0.614378,1.320843,-0.109039
1765408013.108756,-5.908655,0.497370,5.407101,0.615447,1.320843,-0.112857
1765408013.109006,-5.681492,-0.094452,4.978478,0.601244,1.351081,-0.100640
1765408013.109256,-5.688066,-0.406504,4.961740,0.606742,1.339933,-0.104153
1765408013.109539,-6.339669,0.162004,5.062768,0.610254,1.333213,-0.136528
1765408013.109789,-7.545432,0.973218,6.282878,0.605826,1.366964,-0.136070
1765408013.110039,-7.577115,1.241631,5.894309,0.606589,1.366964,-0.117439
1765408013.110289,-7.577115,1.241631,5.894309,0.606589,1.379334,-0.117439
1765408013.110640,-7.643471,0.491392,6.731826,0.591165,1.393078,-0.090103
1765408013.110890,-8.005737,0.233142,6.804758,0.579253,1.384679,-0.104153
1765408013.111140,-7.818028,0.839311,6.445480,0.579100,1.397507,-0.118355
1765408013.111390,-7.838354,1.364180,6.368961,0.582002,1.397507,-0.103694
1765408013.111606,-7.027139,0.691057,5.558344,0.582155,1.406059,-0.072693
1765408013.111856,-6.767097,0.058584,5.627690,0.577115,1.397507,-0.075595
1765408013.112106,-7.294356,0.437590,6.021042,0.579406,1.397507,-0.108123
1765408013.112356,-7.466522,0.916427,5.357484,0.579406,1.410641,-0.108123
1765408013.112573,-6.596723,0.669536,4.952175,0.575588,1.415222,-0.084299
1765408013.112823,-6.421568,0.554758,4.587517,0.570395,1.420414,-0.102625
1765408013.113073,-6.695360,0.824964,5.193687,0.563676,1.429425,-0.109192
1765408013.113323,-6.758727,0.717360,5.132711,0.555887,1.429425,-0.095906
1765408013.113540,-6.290052,0.461502,4.555236,0.561080,1.417207,-0.094226
1765408013.113790,-5.570301,0.084888,3.713534,0.555277,1.420720,-0.102014
1765408013.114040,-5.449545,0.420253,3.268173,0.562149,1.421789,-0.113468
1765408013.114290,-5.991151,0.473458,3.626255,0.560927,1.423469,-0.110414
1765408013.114511,-7.039095,0.575084,5.167384,0.557567,1.423469,-0.102473
1765408013.114761,-7.815638,0.236729,5.126732,0.557567,1.437671,-0.102473
1765408013.115011,-8.177904,-0.260043,5.297704,0.549626,1.444238,-0.106443
1765408013.115261,-8.382352,-0.071736,5.081300,0.556193,1.444238,-0.130420
1765408013.115551,-8.691415,0.487805,5.387373,0.560774,1.450347,-0.142026
1765408013.115801,-9.051291,1.281683,6.276900,0.556346,1.462106,-0.144470
1765408013.116051,-9.056670,1.079627,6.467598,0.556346,1.468367,-0.144470
1765408013.116301,-8.541367,0.492587,6.195002,0.528704,1.455845,-0.112399
1765408013.116554,-7.619559,0.216404,4.651482,0.520305,1.450347,-0.135765
1765408013.116804,-7.447392,0.844094,4.049498,0.525039,1.458135,-0.144928
1765408013.117054,-7.173600,1.245217,4.146939,0.524886,1.458135,-0.133779
1765408013.117304,-7.107842,1.584170,4.163079,0.520305,1.466382,-0.117286
1765408013.117520,-6.912959,1.142994,4.313725,0.512058,1.469895,-0.102778
1765408013.117770,-7.128167,0.509326,4.112864,0.514043,1.452638,-0.096822
1765408013.118020,-7.096484,0.707795,3.829507,0.516639,1.448820,-0.112705
1765408013.118270,-7.560975,1.406026,3.802008,0.518472,1.472643,-0.122478
1765408013.118524,-7.519128,1.195600,4.477522,0.507324,1.487151,-0.106901
1765408013.118774,-8.054757,0.807030,4.873864,0.490219,1.464244,-0.105222
1765408013.119024,-8.342897,0.564323,4.980870,0.489150,1.453859,-0.124006
1765408013.119274,-8.303443,1.093974,4.603060,0.498466,1.460273,-0.122326
1765408013.119614,-8.610711,1.329507,4.707675,0.505033,1.460579,-0.102473
1765408013.119864,-9.241390,0.760402,5.288139,0.497244,1.468520,-0.094379
1765408013.120114,-9.298779,0.139885,4.906743,0.494648,1.481654,-0.102014
1765408013.120364,-8.929937,-0.114778,4.579148,0.500451,1.481654,-0.120951
1765408013.120643,-8.912601,0.480631,4.403993,0.498161,1.484861,-0.152411
1765408013.120893,-9.287420,1.179459,4.814084,0.490219,1.482875,-0.150426
1765408013.121143,-9.591104,0.940937,5.527857,0.479071,1.483486,-0.144011
1765408013.121393,-8.942491,1.140005,5.095647,0.486401,1.500743,-0.146760
1765408013.121625,-7.998564,1.215925,4.616809,0.473879,1.501507,-0.147219
1765408013.121875,-7.589669,1.281683,3.998684,0.473115,1.483944,-0.140194
1765408013.122125,-7.186752,1.089789,2.843137,0.478307,1.467757,-0.124311
1765408013.122375,-7.571735,0.421449,3.712338,0.472657,1.464091,-0.119271
1765408013.122590,-7.473696,0.154232,3.496532,0.472046,1.473712,-0.135918
1765408013.122840,-7.436632,0.399928,3.289096,0.468686,1.462564,-0.142790
1765408013.123090,-7.723576,0.713773,3.093017,0.463952,1.463175,-0.158061
1765408013.123340,-8.651361,0.989957,3.390722,0.472352,1.469436,-0.145844
1765408013.123539,-9.243184,0.451339,4.155906,0.471435,1.478905,-0.141568
1765408013.123789,-9.440458,0.681492,4.873266,0.466396,1.493107,-0.165392
1765408013.124039,-9.918698,0.896700,4.802725,0.449444,1.483486,-0.166766
1765408013.124289,-9.466762,1.223099,4.775227,0.452804,1.468673,-0.155312
1765408013.124534,-9.188187,1.377331,3.923959,0.449139,1.465618,-0.140194
1765408013.124784,-8.998086,0.876375,3.577235,0.445626,1.472032,-0.123700
1765408013.125034,-9.106885,0.201459,3.556910,0.446848,1.495398,-0.126907
1765408013.125284,-9.073409,0.419656,3.264586,0.453262,1.483944,-0.140652
1765408013.125534,-9.042323,1.358202,3.709947,0.454484,1.490664,-0.155618
1765408013.125784,-8.634026,1.763510,3.595169,0.438601,1.501965,-0.141873
1765408013.126034,-8.678861,1.030607,3.418818,0.423940,1.483333,-0.123395
1765408013.126284,-9.019607,1.073649,4.092539,0.425773,1.471880,-0.136376
1765408013.126578,-9.153513,1.288259,4.540889,0.419817,1.480432,-0.148135
1765408013.126828,-8.426589,1.527379,3.335724,0.408211,1.480432,-0.134543
1765408013.127078,-8.286106,1.194404,2.663797,0.405004,1.445765,-0.137903
1765408013.127328,-8.693208,1.281683,3.269966,0.408974,1.445765,-0.138819
1765408013.127554,-8.693208,1.281683,3.269966,0.408974,1.468520,-0.138819
1765408013.127804,-9.809300,0.904471,4.495456,0.403171,1.472643,-0.126296
1765408013.128054,-10.218196,0.692252,4.363940,0.386983,1.470353,-0.131641
1765408013.128304,-10.566712,0.585246,4.294595,0.391870,1.456455,-0.143095
1765408013.128509,-10.148253,0.712578,3.151602,0.397673,1.465008,-0.155771
1765408013.128759,-10.148253,0.712578,3.151602,0.397673,1.471880,-0.155771
1765408013.129009,-10.683882,1.317551,4.806910,0.390496,1.480279,-0.170431
1765408013.129259,-11.186034,1.083214,5.225968,0.376293,1.470047,-0.154702
1765408013.129538,-11.054517,0.758010,4.570181,0.368046,1.449278,-0.158520
1765408013.129871,-10.349113,0.729914,3.457078,0.370490,1.454165,-0.181580
1765408013.130205,-9.756096,1.200382,3.137852,0.369421,1.462106,-0.179594
1765408013.130572,-9.506216,1.090387,3.292085,0.372170,1.448209,-0.165392
1765408013.130822,-9.351983,0.512315,2.963892,0.367588,1.448209,-0.155312
1765408013.131072,-9.439262,0.070540,3.075083,0.366825,1.441642,-0.169821
1765408013.131322,-9.518172,0.538020,3.078670,0.366977,1.450500,-0.193033
1765408013.131493,-9.311333,1.023434,2.719990,0.368963,1.447751,-0.199906
1765408013.131743,-8.779291,1.396461,2.126375,0.364992,1.442864,-0.199447
1765408013.131993,-9.195359,1.348637,2.725370,0.358578,1.442864,-0.175776
1765408013.132243,-10.322213,1.348637,4.785987,0.358578,1.435686,-0.175776
1765408013.132532,-10.906862,0.436394,4.533715,0.352775,1.422705,-0.170279
1765408013.132782,-10.390960,0.830942,3.324964,0.356287,1.406059,-0.182801
1765408013.133032,-9.589908,0.825562,2.574725,0.359036,1.401630,-0.175166
1765408013.133282,-9.838593,0.646820,2.965088,0.360563,1.409724,-0.159283
1765408013.133525,-9.838593,0.646820,2.965088,0.360563,1.406365,-0.159283
1765408013.133775,-10.450740,0.632472,3.266379,0.351095,1.408044,-0.193339
1765408013.134025,-10.014346,1.501674,2.110234,0.353538,1.408044,-0.193644
1765408013.134275,-10.014346,1.501674,2.110234,0.353538,1.413389,-0.193644
1765408013.134567,-9.882831,0.933166,2.391200,0.341016,1.415527,-0.153938
1765408013.134817,-10.283356,0.436394,2.892157,0.334449,1.404074,-0.173486
1765408013.135067,-9.654470,0.781325,2.562171,0.333685,1.419040,-0.191964
1765408013.135317,-8.968196,1.285868,2.003826,0.333380,1.411862,-0.197309
1765408013.135524,-8.683642,1.266140,1.728240,0.316428,1.383762,-0.189063
1765408013.135774,-9.512194,1.480153,2.332616,0.316428,1.358259,-0.191048
1765408013.136024,-9.823050,1.440100,2.769010,0.310778,1.373072,-0.188757
1765408013.136274,-9.791367,1.628407,2.308704,0.305891,1.378417,-0.174860
1765408013.136580,-10.260639,0.938546,3.035031,0.292299,1.367574,-0.166308
1765408013.136830,-11.264944,0.591224,3.782281,0.303295,1.348790,-0.173486
1765408013.137080,-11.723455,0.642037,4.002869,0.297186,1.361771,-0.194866
1765408013.137330,-10.645622,0.999522,2.564562,0.292757,1.379486,-0.204487
1765408013.137578,-10.717359,1.208752,3.034433,0.284052,1.363146,-0.198684
1765408013.137911,-11.400046,1.142396,3.431372,0.289245,1.349554,-0.195935
1765408013.138245,-11.251792,0.590626,3.681252,0.280082,1.352761,-0.190895
1765408013.138488,-10.422045,0.590029,2.199904,0.281303,1.353372,-0.208305
1765408013.138738,-10.377808,0.689861,2.177188,0.279776,1.330312,-0.222660
1765408013.138988,-10.505140,1.121473,2.685318,0.288939,1.322981,-0.209374
1765408013.139238,-10.621711,1.469990,2.664395,0.297491,1.332603,-0.202502
1765408013.139502,-10.698827,1.377331,2.977642,0.281303,1.337184,-0.185092
1765408013.139752,-10.274986,0.414873,2.254304,0.267559,1.308015,-0.177762
1765408013.140002,-10.205045,0.340148,1.804160,0.270613,1.308015,-0.194561
1765408013.140252,-10.205045,0.340148,1.804160,0.270613,1.312139,-0.194561
1765408013.140478,-10.368243,0.960067,2.107843,0.267864,1.312749,-0.205098
1765408013.140728,-10.066355,0.826160,1.499880,0.268170,1.312291,-0.189368
1765408013.140978,-10.682686,0.159613,2.208273,0.264810,1.294271,-0.199142
1765408013.141228,-11.082017,0.893711,2.684122,0.271377,1.295034,-0.220370
1765408013.141506,-10.918220,1.398852,2.425873,0.260992,1.306946,-0.206625
1765408013.141756,-10.559540,0.768173,2.566953,0.246331,1.293202,-0.190285
1765408013.142006,-10.798659,0.314443,2.664992,0.243277,1.260215,-0.198531
1765408013.142256,-11.193209,0.437590,2.754663,0.245262,1.267393,-0.213039
1765408013.142515,-11.034790,0.677905,2.686513,0.243583,1.267393,-0.217010
1765408013.142765,-11.190219,1.017456,3.026064,0.243124,1.267087,-0.204334
1765408013.143015,-11.433523,0.524868,3.292085,0.235794,1.244638,-0.199753
1765408013.143265,-11.238043,0.288140,2.673362,0.239612,1.239751,-0.212887
1765408013.143493,-9.917501,0.070540,1.040172,0.230907,1.245096,-0.219606
1765408013.143743,-10.023911,0.424438,1.588952,0.242514,1.215927,-0.232129
1765408013.143993,-9.997607,0.506934,1.382711,0.239154,1.225243,-0.236099
1765408013.144243,-10.312051,0.481827,1.242229,0.232892,1.218065,-0.235947
1765408013.144557,-10.467478,0.781922,1.744380,0.234878,1.224632,-0.249233
1765408013.144807,-10.609157,1.125060,1.967958,0.236252,1.226923,-0.246790
1765408013.145057,-10.483619,1.441296,1.488522,0.232129,1.220814,-0.232740
1765408013.145307,-10.862624,0.944524,1.909971,0.225867,1.200503,-0.222966
1765408013.145508,-11.245813,0.265423,2.578909,0.215025,1.198060,-0.224493
1765408013.145758,-11.535150,0.035868,2.583692,0.216399,1.198060,-0.251371
1765408013.146008,-10.921806,0.644428,2.291965,0.216246,1.205695,-0.261908
1765408013.146258,-10.857841,1.211143,2.005021,0.213192,1.184468,-0.255036
1765408013.146492,-11.175274,1.543520,2.474892,0.215330,1.169349,-0.244652
1765408013.146825,-11.602700,1.163319,2.813247,0.207389,1.181413,-0.229685
1765408013.147159,-10.873981,0.231946,1.791009,0.204945,1.181413,-0.222355
1765408013.147485,-10.648612,0.671927,1.480153,0.200364,1.157742,-0.246942
1765408013.147735,-11.517813,1.248206,2.344572,0.188910,1.158048,-0.255953
1765408013.147985,-11.603298,1.040770,2.816236,0.180663,1.167669,-0.230754
1765408013.148235,-11.266139,0.566714,1.991272,0.180663,1.145678,-0.225409
1765408013.148523,-11.018651,0.268412,1.823290,0.178525,1.145678,-0.244804
1765408013.148773,-11.046148,1.171688,1.914156,0.180511,1.146289,-0.253814
1765408013.149023,-10.644427,1.386298,0.785509,0.182343,1.137737,-0.226478
1765408013.149273,-10.373623,0.475849,0.732903,0.166461,1.121396,-0.205251
1765408013.149516,-10.594213,-0.178144,0.939742,0.170126,1.125672,-0.219606
1765408013.149766,-11.388090,-0.357484,2.155667,0.168904,1.125672,-0.236252
1765408013.150016,-11.725248,0.175155,2.063606,0.170431,1.117272,-0.255036
1765408013.150266,-11.737206,0.759804,1.730631,0.166461,1.095892,-0.257022
1765408013.150556,-11.309778,0.404113,1.520205,0.165239,1.094823,-0.241597
1765408013.150806,-11.111908,0.246891,1.887852,0.173333,1.087646,-0.242208
1765408013.151056,-11.093375,0.258250,1.812530,0.173180,1.069472,-0.242361
1765408013.151306,-11.087995,0.533835,1.670253,0.158214,1.058019,-0.257022
1765408013.151489,-10.750836,1.002511,0.217599,0.161116,1.055881,-0.245721
1765408013.151739,-10.602580,0.413678,0.753228,0.157756,1.055881,-0.234725
1765408013.151989,-10.602580,0.413678,0.753228,0.157756,1.066876,-0.234725
1765408013.152239,-10.998922,0.527260,1.761717,0.151495,1.063516,-0.253509
1765408013.152473,-10.941533,0.885940,1.156145,0.147982,1.045954,-0.250302
1765408013.152723,-11.050931,1.076040,1.201578,0.146760,1.027475,-0.245262
1765408013.152973,-11.850788,0.865614,2.341583,0.147524,1.027475,-0.237779
1765408013.153223,-11.441893,0.497967,1.984696,0.134849,1.037707,-0.242514
1765408013.153482,-11.349832,0.842898,1.531564,0.132405,1.013578,-0.250913
1765408013.153732,-10.934958,1.077236,0.690459,0.134849,1.012051,-0.242972
1765408013.153982,-11.448469,0.742468,1.511238,0.144470,0.982729,-0.215177
1765408013.154232,-11.812528,0.152439,1.475371,0.143095,0.979217,-0.219301
1765408013.154489,-12.014585,0.071736,1.030009,0.143553,0.969443,-0.238848
1765408013.154739,-11.691772,0.561932,0.827355,0.146913,0.971887,-0.249844
1765408013.154989,-11.390482,1.159732,0.653993,0.145080,0.971887,-0.238696
1765408013.155239,-11.444284,1.006695,0.897896,0.140804,0.952492,-0.216399
1765408013.155494,-11.782640,0.318627,1.551889,0.135154,0.939053,-0.217010
1765408013.155744,-12.000237,0.284553,1.038976,0.140652,0.931417,-0.220828
1765408013.155994,-11.843017,0.459110,0.993544,0.138666,0.918894,-0.226784
1765408013.156244,-11.653514,1.194404,0.608560,0.151189,0.918741,-0.214872
1765408013.156461,-11.653514,1.194404,0.608560,0.151189,0.909731,-0.214872
1765408013.156711,-11.477162,0.271401,1.080225,0.138666,0.902859,-0.189979
1765408013.156961,-11.799377,0.229555,1.123864,0.131794,0.889878,-0.204334
1765408013.157211,-11.723455,0.416069,0.974414,0.129351,0.868803,-0.201433
1765408013.157486,-11.373146,0.514108,0.209230,0.136070,0.866360,-0.200058
1765408013.157736,-11.373146,0.514108,0.209230,0.136070,0.871094,-0.200058
1765408013.157986,-11.290648,0.489000,0.622908,0.122478,0.831235,-0.177151
1765408013.158236,-11.624820,0.083692,1.054519,0.127671,0.831235,-0.174402
1765408013.158445,-11.802964,0.416069,0.646820,0.132863,0.820087,-0.184176
1765408013.158695,-11.388090,0.265423,0.288737,0.121868,0.820087,-0.179289
1765408013.158945,-11.247010,0.443568,0.105213,0.117592,0.810007,-0.180053
1765408013.159195,-11.822093,0.670732,0.560139,0.120951,0.787405,-0.168752
1765408013.159501,-11.969152,0.609158,0.831540,0.116828,0.777479,-0.157451
1765408013.159751,-12.471304,0.396341,0.952893,0.113774,0.766025,-0.158520
1765408013.160001,-12.055235,0.175753,0.857245,0.117744,0.766025,-0.146760
1765408013.160251,-11.956598,0.445361,0.621712,0.117744,0.741285,-0.157756
1765408013.160445,-11.639166,1.099952,0.119560,0.114843,0.739605,-0.157756
1765408013.160645,-11.673241,1.154950,0.044237,0.102014,0.727388,-0.146455
1765408013.160845,-11.797584,0.878766,0.031086,0.115148,0.720668,-0.112857
1765408013.161045,-11.691772,-0.117767,0.490196,0.103847,0.701731,-0.111941
1765408013.161245,-12.071973,0.093257,0.805834,0.107665,0.697455,-0.138208
1765408013.161478,-11.696555,0.277379,0.159015,0.105069,0.689514,-0.138056
1765408013.161728,-12.021758,0.940937,0.499761,0.117592,0.664774,-0.139125
1765408013.161978,-12.044475,1.313964,0.276781,0.117592,0.655153,-0.139125
1765408013.162228,-12.148492,1.112506,0.686274,0.099113,0.637285,-0.110414
1765408013.162491,-11.553082,1.271520,-0.095050,0.105069,0.635300,-0.103847
1765408013.162741,-11.622429,0.616930,0.475251,0.094837,0.607505,-0.084299
1765408013.162991,-11.719271,0.522477,0.442372,0.104916,0.601397,-0.089950
1765408013.163241,-11.949425,0.468675,0.677905,0.098960,0.589027,-0.097433
1765408013.163484,-12.131753,0.656384,0.771760,0.100487,0.576657,-0.085674
1765408013.163734,-11.689383,0.599593,0.141081,0.106749,0.560774,-0.084605
1765408013.163984,-11.426350,1.074844,-0.268412,0.108887,0.538630,-0.076205
1765408013.164234,-11.908175,0.780727,0.489598,0.101251,0.538630,-0.065515
1765408013.164549,-12.069581,0.628886,0.960067,0.103389,0.542448,-0.056047
1765408013.164749,-11.501673,0.304878,-0.135103,0.096059,0.525802,-0.051924
1765408013.164949,-11.603298,0.540411,0.120756,0.096059,0.506560,-0.051924
1765408013.165149,-11.517216,0.332377,0.143472,0.101251,0.485943,-0.056047
1765408013.165349,-11.714489,0.605571,0.408895,0.107665,0.485943,-0.053603
1765408013.165512,-11.378525,0.815399,-0.276184,0.095448,0.491288,-0.050396
1765408013.165762,-11.728238,1.056910,0.468675,0.097128,0.478002,-0.037263
1765408013.166012,-11.728238,1.056910,0.468675,0.097128,0.464410,-0.037263
1765408013.166262,-12.162838,0.762793,0.466284,0.096669,0.434172,-0.014203
1765408013.166500,-11.451457,0.420851,-0.576279,0.092088,0.437990,-0.006109
1765408013.166750,-11.426350,0.138690,-0.178144,0.094379,0.430660,-0.008552
1765408013.167000,-11.572811,0.389168,0.343735,0.094226,0.426231,-0.017715
1765408013.167250,-12.018769,0.750837,0.388570,0.090866,0.400880,-0.021075
1765408013.167529,-11.848994,1.082018,-0.144668,0.093921,0.394008,-0.014050
1765408013.167779,-11.896220,0.933764,-0.132712,0.086590,0.375835,-0.008552
1765408013.168029,-12.247726,0.694644,0.773553,0.076358,0.370795,-0.010996
1765408013.168279,-11.716881,0.964849,0.454328,0.081856,0.378431,-0.016493
1765408013.168506,-11.070061,1.223697,-0.497370,0.089186,0.364992,-0.003207
1765408013.168706,-10.807029,1.190818,-0.790889,0.078802,0.331700,-0.001222
1765408013.168906,-12.134743,1.309182,0.826757,0.078038,0.313527,-0.003360
1765408013.169106,-12.282399,1.349235,1.013869,0.079412,0.323759,0.007941
1765408013.169306,-11.436512,1.243424,-0.057389,0.073762,0.306043,0.006414
1765408013.169509,-11.055714,1.324725,-0.577475,0.064294,0.306043,0.010537
1765408013.169759,-11.449066,1.196796,0.344333,0.064294,0.272599,0.010537
1765408013.170009,-12.146699,1.042563,1.200382,0.065363,0.265115,0.009163
1765408013.170259,-11.467000,0.871592,-0.054998,0.062461,0.268170,0.012217
1765408013.170487,-10.612146,0.688666,-0.914634,0.055589,0.231671,0.000305
1765408013.170687,-10.894308,0.965447,-0.368245,0.060781,0.231671,-0.009927
1765408013.170887,-10.894308,0.965447,-0.368245,0.060781,0.232282,-0.009927
1765408013.171087,-11.464608,1.038976,0.361071,0.055131,0.236252,0.011148
1765408013.171287,-11.178862,0.863223,-0.034672,0.044593,0.231365,0.004429
1765408013.171503,-11.042562,0.883548,-0.315041,0.051465,0.211665,0.004887
1765408013.171753,-11.258965,0.552367,-0.101626,0.053756,0.195171,0.006567
1765408013.172003,-11.468195,0.844094,0.473458,0.061392,0.197920,-0.005803
1765408013.172253,-11.404829,0.751435,0.433405,0.057727,0.182496,-0.003360
1765408013.172491,-11.201576,0.875179,0.414275,0.060323,0.182496,-0.001833
1765408013.172691,-11.201576,0.875179,0.414275,0.060323,0.164475,-0.001833
1765408013.172891,-11.129840,1.003108,0.011956,0.061850,0.159283,0.008094
1765408013.173091,-11.055714,0.475849,0.054998,0.054367,0.162490,0.011606
1765408013.173291,-11.166307,0.609756,0.261836,0.064904,0.146455,0.010079
1765408013.173553,-11.232663,0.077714,0.296509,0.055589,0.134849,0.001527
1765408013.173803,-11.123862,0.505739,0.107604,0.067959,0.131336,-0.003971
1765408013.174053,-10.909850,0.546389,0.050215,0.057421,0.123547,-0.008399
1765408013.174303,-10.889525,0.499761,0.277379,0.055894,0.123547,-0.001222
1765408013.174541,-10.737086,0.190698,-0.075323,0.045509,0.103389,-0.003665
1765408013.174741,-10.855450,0.191296,0.057389,0.047189,0.103389,-0.008552
1765408013.174941,-10.398134,0.128527,-0.469871,0.045509,0.109039,-0.008705
1765408013.175141,-10.743662,0.327594,0.078910,0.047189,0.093768,-0.012370
1765408013.175341,-11.007292,0.324008,0.691057,0.039401,0.098655,-0.013286
1765408013.175520,-10.967238,0.344333,0.564323,0.035736,0.081703,-0.007330
1765408013.175720,-10.472260,0.272597,-0.150048,0.029016,0.081703,-0.004276
1765408013.175920,-10.577474,0.182927,-0.230751,0.025504,0.066584,-0.002596
1765408013.176120,-10.920611,-0.074725,0.593018,0.023976,0.069333,-0.000764
1765408013.176320,-10.848278,-0.068149,0.463893,0.025962,0.071319,-0.003512
1765408013.176594,-10.651602,-0.011358,0.505141,0.014203,0.071929,-0.006414
1765408013.176844,-10.365852,0.118364,0.160210,0.008858,0.058338,-0.004887
1765408013.177094,-10.480630,-0.077714,0.126734,0.007178,0.043524,0.003512
1765408013.177344,-10.477641,-0.279770,0.053802,0.005192,0.038026,0.001680
1765408013.177593,-10.381395,-0.416667,-0.031683,0.001680,0.043830,-0.005498
1765408013.177793,-10.381395,-0.416667,-0.031683,0.001680,0.044440,-0.005498
1765408013.177993,-10.288138,-0.201459,0.388570,0.001680,0.045968,-0.012065
1765408013.178193,-10.287540,-0.056791,0.408895,-0.004429,0.045357,-0.009774
1765408013.178393,-10.406504,-0.072334,0.532640,-0.004429,0.031612,-0.005345
1765408013.178548,-10.226564,-0.236729,0.541009,-0.005803,0.031460,-0.005651
1765408013.178748,-10.135101,-0.285151,0.479436,-0.002291,0.022297,0.001069
1765408013.178948,-10.248685,-0.371832,0.669536,-0.003360,0.015272,-0.003512
1765408013.179148,-10.521279,-0.062171,0.795074,0.002443,0.008399,-0.007330
1765408013.179348,-10.352701,0.027499,0.585844,-0.000458,0.006567,-0.000305
1765408013.179578,-10.072930,-0.086083,0.316236,-0.001222,0.006567,0.003665
1765408013.179778,-10.021520,-0.241511,0.541607,-0.001527,0.001833,0.000000
1765408013.179978,-9.927666,-0.194883,0.577475,-0.004429,-0.000611,-0.001222
1765408013.180178,-9.921686,-0.043639,0.527260,-0.008247,0.000153,-0.006261
1765408013.180378,-9.782400,0.075323,0.367049,-0.007025,-0.000458,-0.002138
1765408013.180535,-9.800333,-0.066954,0.428025,-0.002596,0.000916,0.003971
1765408013.180735,-9.869678,-0.150048,0.615136,-0.005345,-0.003971,0.000153
1765408013.180935,-10.062170,-0.123147,0.698828,-0.006414,-0.008094,-0.000916
1765408013.181135,-9.917501,-0.009565,0.324008,-0.008247,-0.002902,-0.001985
1765408013.181335,-9.819464,-0.022119,0.225968,-0.005803,-0.005345,0.003360
1765408013.181495,-9.828429,-0.013152,0.447154,-0.006261,-0.002749,0.003818
1765408013.181695,-9.981467,-0.053802,0.570301,-0.008399,-0.001222,-0.000153
1765408013.181895,-9.938425,0.049020,0.350909,-0.006414,-0.002138,0.001069
1765408013.182095,-9.829028,0.001196,0.114778,-0.005651,-0.000764,0.005498
1765408013.182295,-9.780008,-0.170971,0.255858,-0.006414,-0.001833,0.005498
1765408013.182518,-10.053802,-0.187111,0.566117,-0.007483,-0.004429,0.001833
1765408013.182718,-10.100429,-0.021521,0.483620,-0.006720,-0.001069,0.000916
1765408013.182918,-9.850550,0.066954,0.149450,-0.003360,0.000458,0.004429
1765408013.183118,-9.849353,-0.059780,0.223577,-0.005345,-0.000916,0.004581
1765408013.183318,-9.984456,-0.180536,0.511119,-0.004123,-0.000153,0.005040
1765408013.183505,-10.080104,-0.114778,0.499163,-0.002596,-0.004734,-0.001222
1765408013.183705,-9.892395,0.065758,0.184122,-0.004429,0.001069,-0.003665
1765408013.183905,-9.758488,0.070540,0.138690,-0.004123,-0.003512,0.002596
1765408013.184105,-9.936632,-0.001793,0.429220,-0.004123,-0.003512,0.003971
1765408013.184305,-10.080104,-0.019727,0.526064,-0.000458,-0.005040,0.000305
1765408013.184501,-9.963533,0.059182,0.237924,-0.003512,0.001985,-0.000764
1765408013.184701,-9.850550,0.098637,0.176351,-0.004734,0.000611,-0.000153
1765408013.184901,-9.961142,0.065758,0.414873,-0.005345,-0.002138,0.003207
1765408013.185101,-10.101624,0.062171,0.477642,-0.003360,-0.002596,0.000764
1765408013.185301,-10.101624,0.062171,0.477642,-0.003360,-0.003054,0.000764
1765408013.185475,-9.791965,0.038259,0.029890,-0.009163,-0.000611,-0.001222
1765408013.185675,-9.928263,0.039455,0.314443,-0.006567,-0.003818,0.000305
1765408013.185875,-10.105808,0.089072,0.478240,-0.005345,-0.002138,0.000153
1765408013.186075,-9.979673,0.057389,0.255858,-0.005345,0.000000,-0.000153
1765408013.186275,-9.850550,0.089670,0.108800,-0.009468,0.000764,-0.001527
1765408013.186471,-10.037660,0.109995,0.405308,-0.009163,-0.002902,-0.001222
1765408013.186671,-10.116570,0.060976,0.534433,-0.009621,-0.002902,0.001527
1765408013.186871,-10.054996,0.014945,0.290531,-0.010843,-0.001069,-0.002596
1765408013.187071,-9.799736,0.032281,0.002391,-0.010843,-0.000458,-0.000764
1765408013.187271,-9.891200,0.027499,0.263630,-0.010079,-0.006567,-0.001222
1765408013.187501,-10.138689,0.015543,0.520086,-0.011454,-0.004581,-0.000611
1765408013.187701,-10.124342,-0.003587,0.365854,-0.011148,-0.004581,-0.001985
1765408013.187901,-9.955761,-0.066954,0.176949,-0.010232,-0.004887,-0.001985
1765408013.188101,-10.008368,-0.097441,0.386179,-0.010232,-0.007636,-0.004887
1765408013.188301,-10.107005,-0.023912,0.513510,-0.011148,-0.008705,-0.002443
1765408013.188425,-9.984456,-0.003587,0.301291,-0.008552,-0.007789,-0.004123
1765408013.188625,-9.827234,-0.068747,0.100430,-0.009621,-0.005956,-0.001680
1765408013.188825,-9.827234,-0.068747,0.100430,-0.009621,-0.008552,-0.001680
1765408013.189025,-10.132710,-0.043042,0.483022,-0.009010,-0.007025,0.000458
1765408013.189225,-10.005977,-0.050215,0.346724,-0.008552,-0.007025,-0.004123
1765408013.189530,-10.005977,-0.050215,0.346724,-0.008552,-0.008247,-0.004123
1765408013.189730,-9.941415,-0.087877,0.375418,-0.009163,-0.008399,-0.001527
1765408013.189930,-9.985652,-0.025705,0.419656,-0.009163,-0.011606,-0.001527
1765408013.190130,-9.868484,-0.022119,0.253467,-0.009163,-0.007025,0.000000
1765408013.190330,-9.827832,-0.037064,0.277977,-0.010385,-0.004429,-0.001680
1765408013.190507,-9.976088,-0.028694,0.402917,-0.007941,-0.011606,-0.003054
1765408013.190707,-9.974891,-0.045433,0.372429,-0.006567,-0.008247,-0.001069
1765408013.190907,-9.845168,-0.077714,0.279173,-0.007483,-0.005803,-0.002443
1765408013.191107,-9.842180,-0.095648,0.356289,-0.008858,-0.003818,-0.001527
1765408013.191307,-9.961740,-0.056193,0.451339,-0.009774,-0.010232,0.000000
1765408013.191474,-9.971304,-0.010760,0.384385,-0.008247,-0.006109,-0.000305
1765408013.191674,-9.813485,-0.034672,0.208034,-0.006261,-0.006872,0.001069
1765408013.191874,-9.801530,-0.104017,0.233142,-0.011148,-0.006872,0.002902
1765408013.192074,-10.015541,-0.050813,0.499761,-0.010232,-0.006567,0.000000
1765408013.192274,-10.034670,-0.008369,0.456121,-0.006872,-0.006567,0.000305
1765408013.192682,-9.893590,-0.045433,0.222979,-0.007789,-0.004581,0.000000
1765408013.192882,-9.851147,-0.081301,0.299498,-0.010079,-0.005498,0.002443
1765408013.193082,-9.990434,-0.106408,0.517097,-0.010843,-0.007941,-0.000458
1765408013.193282,-10.040649,-0.044237,0.460306,-0.009774,-0.005803,-0.001069
1765408013.193482,-9.887015,-0.003587,0.191296,-0.008247,-0.005345,0.002596
1765408013.193554,-9.771639,-0.040650,0.194883,-0.010232,-0.002291,-0.001833
1765408013.193754,-9.948587,-0.040650,0.407700,-0.007636,-0.007941,0.001680
1765408013.193954,-10.056790,0.008967,0.419656,-0.006261,-0.007178,-0.000153
1765408013.194154,-10.056790,0.008967,0.419656,-0.006261,-0.001680,-0.000153
1765408013.194354,-9.813485,-0.021521,0.211023,-0.006872,-0.004581,-0.001222
1765408013.194537,-9.939023,-0.041846,0.400526,-0.007483,-0.007789,-0.001985
1765408013.194737,-10.011955,-0.007771,0.369440,-0.005498,-0.006872,0.000611
1765408013.194937,-9.870873,0.039455,0.229555,-0.010385,-0.002291,-0.001069
1765408013.195137,-9.733380,0.030488,0.131516,-0.009468,-0.002596,0.000000
1765408013.195337,-9.919893,-0.044237,0.374223,-0.008247,-0.005345,-0.000305
1765408013.195509,-10.028693,-0.019130,0.416069,-0.007789,-0.005651,-0.001222
1765408013.195709,-9.875656,0.067551,0.190100,-0.008094,-0.005498,-0.001985
1765408013.195909,-9.751313,0.010760,0.120756,-0.008094,-0.008858,-0.001527
1765408013.196109,-9.911524,-0.050813,0.359876,-0.009621,-0.011301,0.000153
1765408013.196309,-10.077114,-0.003587,0.480631,-0.010232,-0.007789,-0.001527
1765408013.196543,-9.967119,0.038857,0.286944,-0.008094,-0.002443,0.000000
1765408013.196743,-9.800333,-0.033477,0.163199,-0.006567,-0.009621,-0.003054
1765408013.196943,-9.965924,-0.044237,0.395744,-0.010843,-0.009621,-0.001222
1765408013.197143,-10.127929,-0.027499,0.524868,-0.011606,-0.008858,-0.001680
1765408013.197343,-9.886416,-0.016141,0.248685,-0.009163,-0.006261,-0.001069
1765408013.197500,-9.788378,-0.031086,0.153635,-0.010079,-0.009010,-0.000916
1765408013.197700,-9.974294,-0.037064,0.397537,-0.008247,-0.010385,-0.003360
1765408013.197900,-10.070539,-0.051411,0.474055,-0.007025,-0.007789,-0.001069
1765408013.198100,-9.964130,0.000000,0.332377,-0.007636,-0.003818,0.000153
1765408013.198300,-9.781204,-0.072932,0.193687,-0.007483,-0.005651,-0.000916
1765408013.198522,-9.859515,-0.092061,0.348517,-0.007636,-0.008552,-0.000764
1765408013.198722,-10.066953,-0.045433,0.519488,-0.008552,-0.010385,-0.000611
1765408013.198922,-9.942610,0.013749,0.357484,-0.006567,-0.006261,-0.002443
1765408013.199122,-9.733380,-0.043639,0.114180,-0.006414,-0.004123,-0.002291
1765408013.199322,-9.854136,-0.078910,0.324605,-0.006872,-0.011454,-0.001527
1765408013.199588,-10.078907,-0.044835,0.590626,-0.008247,-0.011454,0.000305
1765408013.199788,-10.047822,-0.062171,0.463893,-0.009316,-0.004581,-0.000611
1765408013.199988,-9.795551,-0.066954,0.166786,-0.007941,-0.001527,0.002749
1765408013.200188,-9.855330,-0.070540,0.245098,-0.007941,-0.007178,-0.000916
1765408013.200388,-10.104613,-0.044237,0.621712,-0.009163,-0.011759,-0.000611
1765408013.200555,-10.113581,-0.044237,0.476447,-0.006720,-0.004123,0.003360
1765408013.200755,-9.864896,-0.052009,0.263032,-0.005651,-0.000764,0.001985
1765408013.200955,-9.723815,-0.082496,0.102822,-0.009774,-0.005192,-0.001527
1765408013.201155,-9.849353,-0.070540,0.334768,-0.008705,-0.009468,0.000458
1765408013.201355,-10.025107,-0.064562,0.484218,-0.009010,-0.003665,-0.001069
1765408013.201580,-9.942610,-0.034672,0.386179,-0.009316,-0.003665,-0.000611
1765408013.201780,-9.811094,-0.031086,0.184122,-0.006720,-0.002596,0.001222
1765408013.201980,-9.799137,-0.025705,0.185318,-0.003971,-0.004123,-0.000153
1765408013.202180,-9.927068,-0.038259,0.381994,-0.006872,-0.007483,-0.000305
1765408013.202380,-10.014943,0.005978,0.468675,-0.006109,-0.007789,-0.001527
1765408013.202581,-9.971903,-0.030488,0.329986,-0.006261,-0.001527,-0.000305
1765408013.202781,-9.898971,0.002989,0.298900,-0.008094,-0.007636,0.001222
1765408013.202981,-10.004184,-0.003587,0.371234,-0.006261,-0.005651,0.001069
1765408013.203181,-10.037063,-0.040650,0.483022,-0.007483,-0.006109,-0.002138
1765408013.203381,-10.037063,-0.040650,0.483022,-0.007483,-0.006720,-0.002138
1765408013.203529,-9.849951,0.045433,0.156624,-0.008858,-0.006109,-0.000916
1765408013.203729,-9.849951,0.045433,0.156624,-0.008858,-0.008705,-0.000916
1765408013.203929,-9.940218,-0.058584,0.390961,-0.007789,-0.007941,-0.001680
1765408013.204129,-10.039454,-0.033477,0.416069,-0.005651,-0.007941,0.000153
1765408013.204329,-10.039454,-0.033477,0.416069,-0.005651,-0.002596,0.000153
1765408013.204542,-9.830223,0.037064,0.210426,-0.008247,-0.005192,0.000611
1765408013.204742,-9.968913,-0.050215,0.380201,-0.009468,-0.009316,0.000611
1765408013.204942,-10.100429,-0.043042,0.516499,-0.009010,-0.009010,-0.004734
1765408013.205142,-10.034073,-0.012554,0.374223,-0.009621,-0.000611,-0.003665
1765408013.205342,-9.821257,-0.027499,0.179938,-0.008552,-0.002138,-0.001527
1765408013.205498,-9.894786,-0.051411,0.249283,-0.008552,-0.008247,-0.001833
1765408013.205748,-10.044236,-0.047226,0.489000,-0.009163,-0.010232,-0.002902
1765408013.205998,-10.032280,-0.038857,0.491392,-0.007941,-0.007483,-0.001222
1765408013.206248,-9.824244,-0.021521,0.208632,-0.007636,-0.005192,-0.002443
1765408013.206464,-9.793160,0.005978,0.138690,-0.007178,-0.007789,-0.002138
1765408013.206664,-9.986848,-0.041846,0.442372,-0.008705,-0.008094,0.000764
1765408013.206864,-10.090266,-0.053204,0.578670,-0.010385,-0.008094,-0.000764
1765408013.207064,-10.090266,-0.053204,0.578670,-0.010385,-0.005651,-0.000764
1765408013.207264,-9.766856,-0.002391,0.153037,-0.009316,-0.004276,-0.002291
1765408013.207470,-9.866689,-0.064562,0.370636,-0.013592,-0.008552,-0.001222
1765408013.207670,-10.054996,0.000000,0.509326,-0.010843,-0.008858,0.000305
1765408013.207870,-9.910329,-0.003587,0.270206,-0.007025,-0.003360,-0.001527
1765408013.208070,-9.910329,-0.003587,0.270206,-0.007025,-0.001374,-0.001527
1765408013.208270,-9.898971,-0.041248,0.373027,-0.010385,-0.006109,0.000153
1765408013.208510,-10.053802,-0.075323,0.499761,-0.008552,-0.012370,0.001527
1765408013.208710,-9.934240,-0.014347,0.313247,-0.008247,-0.006720,0.000000
1765408013.208910,-9.850550,-0.045433,0.208034,-0.008552,-0.002902,-0.001680
1765408013.209110,-9.850550,-0.045433,0.208034,-0.008552,-0.010537,-0.001680
1765408013.209310,-10.118960,-0.049020,0.473458,-0.008247,-0.009468,-0.003512
1765408013.209557,-9.955761,-0.032879,0.302487,-0.005956,-0.001680,-0.000916
1765408013.209757,-9.691534,-0.050215,0.089670,-0.006261,-0.010690,0.001833
1765408013.209957,-9.807508,-0.057987,0.247489,-0.008094,-0.010690,0.001527
1765408013.210157,-10.066355,-0.049020,0.521879,-0.005651,-0.013439,-0.002138
1765408013.210357,-10.019128,-0.025108,0.402917,-0.009163,-0.003665,0.000764
1765408013.210493,-9.824244,0.008369,0.092061,-0.009927,-0.002291,0.000000
1765408013.210693,-9.910927,-0.034672,0.302487,-0.008705,-0.008247,0.000611
1765408013.210893,-10.142874,-0.071138,0.547585,-0.009316,-0.010079,0.000764
1765408013.211093,-10.108798,-0.060378,0.445959,-0.005956,-0.006872,-0.002138
1765408013.211293,-9.842180,0.021521,0.156624,-0.008858,-0.000153,-0.002443
1765408013.211509,-9.778812,-0.016738,0.152439,-0.006261,-0.008247,-0.001069
1765408013.211709,-9.778812,-0.016738,0.152439,-0.006261,-0.010079,-0.001069
1765408013.211909,-10.092059,0.028097,0.512912,-0.006261,-0.007178,-0.001069
1765408013.212109,-9.893590,-0.032281,0.240913,-0.005498,-0.002902,0.000458
1765408013.212309,-9.800333,-0.015543,0.194883,-0.007941,-0.009621,0.000764
1765408013.212521,-9.970109,-0.052009,0.407700,-0.010843,-0.010537,0.000916
1765408013.212721,-10.066953,-0.043042,0.493783,-0.009163,-0.009468,-0.002291
1765408013.212921,-9.895385,0.021521,0.228957,-0.009316,-0.002902,-0.001222
1765408013.213121,-9.785987,0.015543,0.157819,-0.008858,-0.005956,-0.000153
1765408013.213321,-9.952174,-0.008369,0.411286,-0.007941,-0.009774,0.001374
1765408013.213587,-10.052606,-0.053204,0.451937,-0.006720,-0.008552,0.000458
1765408013.213787,-9.890003,-0.058584,0.271999,-0.007483,-0.005803,-0.002443
1765408013.213987,-9.806910,-0.027499,0.227164,-0.008399,-0.006261,-0.001527
1765408013.214187,-9.906742,-0.037661,0.379005,-0.008858,-0.011148,-0.001222
1765408013.214387,-9.943806,0.029890,0.306074,-0.005803,-0.002443,0.000611
1765408013.214612,-9.872667,0.007174,0.219393,-0.007025,-0.002443,-0.003054
1765408013.214812,-9.852343,-0.066954,0.258250,-0.011454,-0.007025,-0.001527
1765408013.215012,-10.027497,-0.015543,0.456719,-0.008247,-0.009316,0.000764
1765408013.215212,-10.077114,0.021521,0.428025,-0.008247,-0.006261,0.000764
1765408013.215412,-9.910329,-0.041248,0.300096,-0.010079,-0.006109,0.000153
1765408013.215563,-9.938425,-0.058584,0.376614,-0.007330,-0.006109,-0.001069
1765408013.215763,-10.063366,-0.033477,0.478240,-0.007941,-0.011606,-0.003512
1765408013.215963,-9.988043,0.015543,0.335964,-0.003207,-0.009010,0.000305
1765408013.216163,-9.832614,-0.037064,0.218197,-0.003207,-0.009163,0.000305
1765408013.216363,-9.826636,-0.054998,0.220588,-0.010385,-0.007025,-0.001985
1765408013.216622,-10.003586,-0.038259,0.380201,-0.010232,-0.009927,-0.001222
1765408013.216822,-9.996411,-0.023912,0.331181,-0.006720,-0.007789,-0.002749
1765408013.217022,-9.545073,-0.248685,0.358680,-0.007941,-0.001527,-0.001374
1765408013.217222,-9.166666,-0.144668,0.092061,-0.007941,-0.002902,-0.005192
1765408013.217422,-9.626373,0.294118,0.314443,-0.010537,-0.016799,-0.015272
1765408013.217510,-9.753705,0.326399,0.182329,-0.006261,0.005040,-0.001222
1765408013.217710,-9.549257,0.057389,0.340746,-0.003360,0.016493,0.016493
1765408013.217910,-9.860114,-0.228360,0.912841,-0.014661,0.001069,0.005956
1765408013.218110,-10.008368,-0.270206,0.551172,-0.014813,0.001069,-0.001680
1765408013.218310,-9.872069,-0.390363,-0.205643,-0.008705,-0.004123,0.001527
1765408013.218478,-9.913916,-0.014347,0.231349,0.000458,0.004123,-0.007330
1765408013.218678,-10.190099,0.425036,1.087996,-0.006261,0.021686,-0.011148
1765408013.218878,-10.236131,0.382592,0.942133,-0.011148,-0.007941,0.006109
1765408013.219078,-9.971903,-0.328790,0.166188,-0.006567,-0.007941,0.016188
1765408013.219278,-9.707675,-0.694644,-0.059182,-0.007025,-0.007178,0.001985
1765408013.219459,-10.044236,-0.112386,0.564921,-0.003207,0.007025,-0.016646
1765408013.219659,-10.023313,0.440579,0.486609,-0.003360,0.014813,-0.013744
1765408013.219859,-9.858918,0.337159,0.139885,-0.008247,0.007941,0.004734
1765408013.220059,-9.901362,-0.039455,0.264228,-0.007483,0.005192,0.011912
1765408013.220259,-10.132113,-0.376614,0.707795,-0.006720,0.011148,0.004734
1765408013.220466,-10.072930,-0.341942,0.595409,-0.008705,0.007178,-0.003665
1765408013.220716,-9.752509,-0.072932,-0.056193,-0.004887,0.007178,-0.008399
1765408013.220966,-9.666426,0.293520,-0.030488,-0.004887,0.002291,-0.008399
1765408013.221216,-9.973696,0.301291,0.456719,-0.009774,0.004429,-0.000153
1765408013.221479,-9.972500,0.070540,0.454328,-0.007330,0.010996,0.010079
1765408013.221679,-9.781802,-0.251076,0.087279,-0.009774,0.003665,0.005651
1765408013.221879,-9.848158,-0.288140,0.263032,-0.009316,0.003665,-0.003818
1765408013.222079,-9.848158,-0.288140,0.263032,-0.009316,0.006567,-0.003818
1765408013.222279,-9.952174,0.198470,0.375418,-0.006414,0.009927,-0.007330
1765408013.222599,-9.784791,0.286346,0.123147,-0.010690,0.012981,-0.001680
1765408013.222799,-9.870873,0.087877,0.160808,-0.010996,0.010079,0.009927
1765408013.222999,-10.077114,-0.301291,0.482425,-0.007178,0.004429,0.009927
1765408013.223199,-10.054996,-0.314443,0.484218,-0.007483,0.011454,-0.001985
1765408013.223399,-9.900167,-0.130320,0.271401,-0.010690,0.005040,-0.009468
1765408013.223550,-9.879841,0.166188,0.221186,-0.008247,0.005040,-0.007789
1765408013.223750,-10.060975,0.333572,0.380201,-0.006109,0.011301,-0.001374
1765408013.223950,-9.955761,0.068149,0.356289,-0.009163,0.011301,0.004581
1765408013.224150,-9.809898,-0.337159,0.167384,-0.009163,0.009621,0.004581
1765408013.224350,-9.976088,-0.303085,0.212817,-0.007483,0.002443,-0.001527
1765408013.224587,-10.065758,-0.035868,0.308465,-0.006872,0.005498,-0.006567
1765408013.224787,-9.949782,0.159015,0.307269,-0.004887,0.007789,-0.005803
1765408013.224987,-9.940218,0.142276,0.361071,-0.007483,0.006109,-0.001680
1765408013.225187,-10.003586,0.081301,0.356887,-0.007941,0.003360,0.002138
1765408013.225387,-10.013150,-0.060976,0.196676,-0.007483,0.004123,0.002902
1765408013.225590,-9.979673,-0.211621,0.228360,-0.007483,0.004581,0.000458
1765408013.225790,-10.053802,-0.159015,0.449546,-0.007483,0.004887,0.000458
1765408013.225990,-10.190099,0.029890,0.427427,-0.007178,-0.001374,-0.006414
1765408013.226190,-10.056191,0.175753,0.273195,-0.005498,0.002749,-0.003054
1765408013.226390,-9.917501,0.105213,0.241511,-0.006414,0.006109,0.003054
1765408013.226708,-9.959349,-0.048422,0.386179,-0.009774,-0.001222,0.006720
1765408013.226908,-10.061573,-0.112984,0.329986,-0.010232,-0.001069,0.000916
1765408013.227108,-10.011356,-0.156624,0.202056,-0.009468,0.002749,-0.002138
1765408013.227308,-10.010758,-0.041248,0.306074,-0.008399,0.001527,-0.004581
1765408013.227508,-10.191893,0.053802,0.512912,-0.010843,0.001069,-0.000916
1765408013.227619,-10.107603,0.034075,0.348517,-0.009774,0.000916,0.001985
1765408013.227819,-9.914514,-0.098039,0.083692,-0.008858,-0.001069,0.002291
1765408013.228019,-9.956957,-0.105213,0.264228,-0.009927,-0.000611,-0.000305
1765408013.228219,-10.105211,-0.078910,0.532042,-0.008858,-0.001527,-0.000305
1765408013.228419,-10.065758,0.005978,0.349115,-0.009163,-0.003818,0.000458
1765408013.228554,-9.867287,-0.015543,0.101626,-0.005956,-0.003054,0.001222
1765408013.228754,-9.874461,0.015543,0.171569,-0.005192,-0.008094,0.001069
1765408013.228954,-10.083690,-0.015543,0.457915,-0.007941,-0.005345,-0.000611
1765408013.229154,-10.099234,0.022716,0.353300,-0.006872,-0.003665,0.000000
1765408013.229354,-9.997607,-0.018532,0.210426,-0.009010,-0.000611,-0.002749
1765408013.229542,-9.928263,-0.105213,0.306074,-0.011454,-0.004276,-0.001985
1765408013.229875,-10.041844,-0.087877,0.420253,-0.007941,-0.007025,-0.001222
1765408013.230209,-10.047822,0.056791,0.361669,-0.007789,-0.006720,-0.001527
1765408013.230488,-9.866092,0.045433,0.130320,-0.006414,-0.002902,0.000611
1765408013.231461,-9.796746,-0.029890,0.180536,-0.006720,-0.007636,0.001833
1765408013.235485,-10.026302,-0.020325,0.529651,-0.008094,-0.009774,0.001069
1765408013.238469,-10.037063,0.016738,0.423242,-0.005803,-0.002443,-0.000305
1765408013.240493,-9.821855,-0.060976,0.144070,-0.006109,-0.005651,0.001833
1765408013.243437,-9.836202,-0.107604,0.245696,-0.007789,-0.008552,-0.001527
1765408013.245428,-10.040649,-0.066954,0.450741,-0.009316,-0.010385,-0.002902
1765408013.248538,-9.996411,0.089670,0.353898,-0.007483,-0.005040,-0.002596
1765408013.250587,-9.785389,0.053802,0.149450,-0.008552,-0.001527,-0.000153
1765408013.252617,-9.836202,-0.029890,0.278575,-0.007941,-0.010232,0.001222
1765408013.255545,-10.051410,-0.087279,0.535629,-0.009316,-0.010232,0.001680
1765408013.256500,-9.990434,-0.059780,0.386777,-0.008094,-0.006109,-0.001985
1765408013.260516,-9.800333,-0.046031,0.176949,-0.007025,-0.006414,-0.003665
1765408013.263536,-9.841581,0.014347,0.301291,-0.008399,-0.006414,-0.001374
1765408013.264036,-10.023911,0.002391,0.480631,-0.008094,-0.002596,0.001680
1765408013.267526,-9.966521,-0.043639,0.350311,-0.007025,-0.002596,0.000153
1765408013.270454,-9.966521,-0.043639,0.350311,-0.007025,-0.003360,0.000153
1765408013.273499,-9.799137,-0.085485,0.291129,-0.005803,-0.003818,-0.002902
1765408013.275448,-9.943806,-0.054998,0.529053,-0.005498,-0.005345,-0.004887
1765408013.278468,-9.958751,0.020325,0.407700,-0.005803,-0.003818,-0.004276
1765408013.278968,-9.756694,0.028694,0.151243,-0.010232,-0.000916,-0.000153
1765408013.281487,-9.756694,0.028694,0.151243,-0.010232,-0.003207,-0.000153
1765408013.283455,-9.915112,-0.069345,0.448350,-0.008858,0.000764,0.000153
1765408013.288495,-10.035867,-0.033477,0.565519,-0.010690,0.000764,-0.002749
1765408013.290509,-9.897178,-0.040650,0.315638,-0.007025,0.004276,-0.002138
1765408013.293469,-9.742945,-0.062769,0.154232,-0.009316,0.003207,0.000916
1765408013.295455,-9.933643,-0.029890,0.423242,-0.008552,-0.001680,-0.001374
1765408013.296516,-10.022118,0.001793,0.443568,-0.008247,0.000458,0.000458
1765408013.300573,-9.886416,-0.044835,0.302487,-0.009621,0.000458,0.000000
1765408013.303488,-9.731586,-0.045433,0.159015,-0.006567,0.000458,-0.000764
1765408013.305457,-9.787182,-0.056193,0.304280,-0.006567,0.001985,-0.000305
1765408013.306460,-9.899570,-0.043042,0.385581,-0.007025,-0.000611,-0.001527
1765408013.310501,-9.887015,-0.010760,0.309660,-0.007789,0.004734,-0.001069
1765408013.313531,-9.794355,0.003587,0.200861,-0.006109,0.004734,-0.000305
1765408013.315529,-9.866092,-0.038259,0.375418,-0.009010,0.002443,-0.001985
1765408013.318583,-10.014943,-0.077714,0.505739,-0.008552,0.001680,-0.000764
1765408013.319083,-9.954566,-0.020325,0.365256,-0.009010,0.003665,-0.000458
1765408013.325298,-9.954566,-0.020325,0.166188,-0.009010,0.007025,-0.000458
1765408013.325798,-9.778812,-0.069943,0.231349,-0.005040,0.005345,-0.000611
1765408013.326501,-9.778812,-0.069943,0.231349,-0.005040,0.001985,-0.000611
1765408013.330438,-10.037063,-0.020325,0.369440,-0.005651,0.007636,0.000305
1765408013.333462,-9.845766,-0.010760,0.166188,-0.003818,0.007636,0.000305
1765408013.335488,-9.801530,-0.034672,0.193089,-0.005345,0.004123,0.001222
1765408013.338449,-10.074127,-0.043639,0.532042,-0.008399,0.000305,-0.000916
1765408013.338949,-10.124939,-0.040650,0.477642,-0.005345,0.005345,-0.000916
1765408013.343506,-9.824244,-0.022119,0.127331,-0.008858,0.008094,0.000611
1765408013.344006,-9.765661,-0.071138,0.158417,-0.008858,0.004887,0.000764
1765408013.347517,-9.939621,-0.041248,0.376016,-0.010232,0.000458,0.001374
1765408013.350435,-10.068149,-0.038259,0.437590,-0.008552,-0.001374,0.000458
1765408013.353438,-9.862504,-0.034672,0.222979,-0.007483,0.008399,0.000916
1765408013.355459,-9.777617,-0.029292,0.129125,-0.006567,0.007025,0.000764
1765408013.357499,-9.887612,-0.045433,0.289335,-0.009468,0.001222,-0.001222
1765408013.360446,-10.112385,-0.017934,0.523673,-0.006720,0.001527,-0.000916
1765408013.363480,-10.071735,-0.043042,0.375418,-0.007789,0.006720,-0.001222
1765408013.365483,-9.945002,0.008369,0.243902,-0.007941,0.005956,-0.001374
1765408013.368505,-9.973696,-0.032281,0.202654,-0.005651,-0.002138,-0.001985
1765408013.370645,-10.056790,-0.019130,0.382592,-0.005956,-0.002138,-0.002749
1765408013.373537,-10.124342,-0.049020,0.441176,-0.007789,0.000305,-0.000153
1765408013.375537,-9.930654,-0.068149,0.227164,-0.006720,0.006109,-0.000764
1765408013.378496,-9.909132,-0.017934,0.157221,-0.004734,0.002596,-0.002902
1765408013.380521,-9.909132,-0.017934,0.157221,-0.004734,0.002596,-0.002902
1765408013.383546,-10.034670,-0.041846,0.455524,-0.007483,0.001069,-0.000764
1765408013.384046,-9.982065,-0.035868,0.273792,-0.003360,0.001374,-0.000305
1765408013.388461,-9.839788,-0.003587,0.106408,-0.006109,-0.001069,-0.000611
1765408013.388961,-9.878048,-0.016141,0.184720,-0.005192,-0.001069,-0.001680
1765408013.391521,-9.878048,-0.016141,0.184720,-0.005192,-0.000458,-0.001680
1765408013.395530,-10.138689,-0.076518,0.457915,-0.007178,0.000153,0.000153
1765408013.396528,-9.969511,-0.058584,0.270206,-0.006261,0.003360,-0.000611
1765408013.400651,-9.909132,-0.078910,0.230751,-0.006567,0.000764,-0.001069
1765408013.403554,-9.991630,-0.087877,0.404113,-0.008247,-0.006872,0.000764
1765408013.405541,-10.002987,-0.016738,0.329986,-0.004581,-0.002749,0.000611
1765408013.409465,-9.814680,0.014347,0.063367,-0.005040,-0.001222,0.001680
1765408013.410512,-9.753705,-0.028694,0.090866,-0.006414,-0.000458,0.002291
1765408013.413577,-9.977880,-0.061573,0.394548,-0.003512,-0.000458,0.001069
1765408013.415526,-10.150645,-0.061573,0.519488,-0.006414,-0.001680,0.001833
1765408013.417522,-10.081897,-0.072932,0.390363,-0.005040,-0.003818,-0.001374
1765408013.420509,-9.897775,-0.005978,0.186514,-0.005192,-0.002596,0.000305
1765408013.423772,-9.937230,-0.004782,0.285748,-0.005803,-0.003207,0.001069
1765408013.425543,-10.009563,-0.026303,0.412482,-0.005498,-0.000305,0.001527
1765408013.428502,-9.932447,-0.061573,0.243902,-0.004734,-0.000305,0.002902
1765408013.430460,-9.818267,-0.060378,0.143472,-0.001069,0.000764,0.003818
1765408013.433465,-9.941415,-0.075323,0.383190,-0.003360,-0.004429,0.003207
1765408013.435503,-10.023911,-0.005978,0.444763,-0.002902,-0.005345,0.000611
1765408013.438498,-9.995216,0.043042,0.333572,-0.004887,-0.003971,0.000458
1765408013.440536,-9.879841,0.028694,0.195481,-0.005040,0.000305,0.002902
1765408013.443508,-9.903154,-0.080703,0.343137,-0.003512,-0.005651,0.006109
1765408013.445503,-9.964728,-0.121353,0.399330,-0.002596,0.000916,0.002443
1765408013.446557,-9.884026,-0.081899,0.266619,-0.006109,0.000916,0.001069
1765408013.449482,-9.776422,-0.019130,0.126734,-0.005803,0.000611,0.000305
1765408013.451481,-9.882233,0.063367,0.320421,-0.002902,-0.006567,0.001222
1765408013.455504,-9.882233,0.063367,0.320421,-0.002902,-0.001374,0.001222
1765408013.459447,-9.820659,-0.046628,0.229555,-0.004581,0.000000,0.004581
1765408013.460435,-9.768052,-0.057389,0.157819,-0.000611,0.000153,0.003971
1765408013.463467,-9.931252,-0.010760,0.359876,-0.003971,-0.000764,0.003512
1765408013.465445,-10.072930,-0.028694,0.565519,-0.002291,-0.004123,0.003971
1765408013.468504,-9.973696,-0.016141,0.429220,-0.004581,0.001985,0.004581
1765408013.469004,-9.704685,-0.011956,0.107604,-0.007483,-0.003818,0.002596
1765408013.473503,-9.740554,0.023314,0.126734,-0.004429,-0.003818,0.005192
1765408013.476514,-9.906742,0.007174,0.298900,-0.003665,-0.002291,0.006414
1765408013.478494,-9.934838,-0.010163,0.408895,-0.005803,0.001985,0.006261
1765408013.481517,-9.735173,-0.052009,0.254065,-0.006414,0.007636,0.007483
1765408013.482017,-9.743543,-0.039455,0.211621,-0.006109,-0.002138,0.006872
1765408013.483535,-9.912122,-0.032281,0.428025,-0.003512,-0.002138,0.004581
1765408013.488433,-9.931850,-0.002391,0.353898,-0.008094,-0.000764,0.005956
1765408013.490475,-9.782400,0.002391,0.164395,-0.006414,0.005040,0.005040
1765408013.493565,-9.757292,-0.031086,0.181133,-0.006720,0.005498,0.005956
1765408013.495462,-9.757292,-0.031086,0.181133,-0.006720,0.002291,0.005956
1765408013.498446,-10.003586,-0.137494,0.454328,-0.009010,0.000611,0.004429
1765408013.498946,-9.758488,-0.112386,0.203252,-0.009010,0.003818,0.004429
1765408013.503499,-9.635341,-0.003587,0.043042,-0.009316,0.001527,0.001833
1765408013.505529,-9.907937,0.081301,0.405308,-0.010537,0.001527,0.000916
1765408013.508493,-9.907937,0.081301,0.405308,-0.010537,0.006567,0.000916
1765408013.510471,-9.881634,-0.075323,0.253467,-0.007330,0.010232,0.010537
1765408013.513459,-9.810495,-0.116571,0.185318,-0.003512,0.005956,0.004276
1765408013.515562,-10.011955,-0.040650,0.434003,-0.001527,0.005651,0.003054
1765408013.518471,-10.068746,0.032879,0.569703,-0.004276,0.005651,0.005956
1765408013.520517,-9.893590,0.089670,0.269010,-0.005803,0.008247,0.005956
1765408013.523460,-9.768650,0.094452,0.059780,-0.004429,0.010843,0.009927
1765408013.525489,-9.875058,-0.093257,0.269010,-0.001985,0.004734,0.012523
1765408013.528488,-10.022716,-0.214610,0.430416,-0.003207,0.003207,0.010232
1765408013.530450,-10.013150,-0.204448,0.398733,-0.003054,0.010385,0.004581
1765408013.531519,-9.813485,-0.107604,0.161406,-0.003054,0.009927,0.003512
1765408013.535511,-9.911524,0.023314,0.276184,-0.004734,0.005345,0.001833
1765408013.538516,-10.013150,0.090866,0.388570,-0.005345,0.005345,0.002749
1765408013.540489,-9.939023,0.059780,0.314443,-0.002443,0.010843,0.002749
1765408013.542499,-9.784791,-0.099235,0.074127,-0.007025,0.011606,0.009621
1765408013.545471,-9.945002,-0.086681,0.323410,-0.008094,0.007789,0.005956
1765408013.546492,-10.153036,-0.054998,0.587040,-0.007789,0.007636,0.005803
1765408013.550449,-10.014943,-0.008369,0.370038,-0.001680,0.011912,0.007330
1765408013.553480,-10.014943,-0.008369,0.370038,-0.001680,0.009163,0.007330
1765408013.555519,-9.982065,-0.024510,0.276184,-0.006109,0.004734,0.010996
1765408013.557512,-10.128527,-0.163797,0.434003,-0.006414,0.007789,0.012675
1765408013.558510,-9.924676,-0.221186,0.233142,-0.005498,0.010996,0.009316
1765408013.561461,-9.734576,-0.114778,0.020325,-0.005192,0.011759,0.005498
1765408013.563511,-9.734576,-0.114778,0.020325,-0.005192,0.002596,0.005498
1765408013.567481,-10.078907,0.096844,0.542205,-0.004123,0.005651,0.008094
1765408013.570477,-9.864896,0.027499,0.112984,-0.005651,0.008552,0.008705
1765408013.573492,-9.774628,0.009565,0.094452,-0.004429,0.006567,0.009621
1765408013.575530,-9.976685,-0.066954,0.321616,-0.003512,0.006567,0.009927
1765408013.578537,-10.101027,-0.119560,0.468675,-0.004429,0.006872,0.007789
1765408013.579037,-10.015541,-0.033477,0.368843,-0.003054,0.011301,0.006567
1765408013.581536,-9.907339,-0.078910,0.221784,-0.004887,0.009774,0.012217
1765408013.585497,-9.939023,-0.040053,0.272597,-0.003818,-0.001374,0.012065
1765408013.588455,-10.151840,-0.011956,0.443568,-0.002749,-0.001374,0.009010
1765408013.589471,-10.011955,-0.043042,0.228360,-0.005803,0.004276,0.008399
1765408013.593482,-9.873264,0.042444,0.098637,-0.004734,0.008858,0.008705
1765408013.595471,-9.970109,0.015543,0.357484,-0.008247,0.008247,0.009621
1765408013.598486,-10.122547,-0.017934,0.569106,-0.008247,0.003207,0.009621
1765408013.600523,-9.912720,-0.001196,0.199665,-0.008705,0.005345,0.011759
1765408013.603499,-9.729793,-0.035868,0.029890,-0.010843,0.008858,0.010232
1765408013.603999,-9.674795,0.008369,0.071736,-0.006109,0.002749,0.009316
1765408013.608468,-9.817072,-0.062769,0.270206,-0.005345,0.002291,0.012370
1765408013.610575,-9.899570,-0.124940,0.261239,-0.005345,0.006567,0.012675
1765408013.612507,-9.947392,-0.056193,0.295313,-0.002749,0.008858,0.009927
1765408013.613461,-10.078310,-0.135103,0.473458,0.003512,0.004581,0.011759
1765408013.618502,-9.964130,-0.139885,0.473458,-0.000458,0.004734,0.006261
1765408013.620655,-9.826636,0.077714,0.131516,-0.000611,0.006261,0.001833
1765408013.625302,-9.814680,0.217599,0.130918,-0.001069,0.001985,0.009927
1765408013.625802,-10.012553,0.191296,0.342539,-0.002902,0.002138,0.011454
1765408013.626475,-10.051410,0.020325,0.468675,-0.001374,0.005192,0.015730
1765408013.628520,-9.956957,-0.124342,0.358082,-0.002443,0.005345,0.013286
1765408013.633532,-9.795551,-0.124342,0.123147,-0.009621,0.005345,0.014203
1765408013.635509,-9.868484,-0.082496,0.343137,-0.008094,0.000611,0.009621
1765408013.638527,-9.983260,-0.029890,0.332377,-0.007330,0.001069,0.007025
1765408013.639547,-9.757292,-0.038259,0.114180,-0.007483,0.003971,0.012981
1765408013.643506,-9.719033,-0.096844,0.141081,-0.005192,0.005345,0.013134
1765408013.645509,-9.846962,-0.068149,0.273195,-0.003665,0.005345,0.013744
1765408013.648498,-9.954566,-0.016738,0.489000,-0.001069,0.004734,0.009468
1765408013.650479,-9.777617,0.084290,0.173362,-0.002749,0.010690,0.005498
1765408013.653488,-9.741151,0.141679,0.210426,-0.002749,0.007483,0.005498
1765408013.655478,-9.765661,0.170373,0.230751,-0.003054,0.003665,0.009163
1765408013.658485,-9.809898,0.136298,0.206839,-0.004276,0.005651,0.016493
1765408013.658985,-9.839788,-0.109995,0.218795,-0.004429,0.007941,0.017257
1765408013.663537,-9.879841,-0.120158,0.306074,-0.002902,0.008399,0.012981
1765408013.666559,-9.968913,-0.203252,0.404113,-0.002443,0.008858,0.012065
1765408013.668525,-9.849353,-0.159015,0.304280,-0.005192,0.008399,0.009468
1765408013.670543,-9.802725,0.057987,0.228957,-0.004734,0.005498,0.008705
1765408013.673437,-9.885221,0.208034,0.270206,-0.002902,0.007025,0.009010
1765408013.674429,-9.910329,0.130918,0.351506,-0.000916,0.011912,0.013439
1765408013.676453,-9.732184,0.044835,0.164993,-0.005345,0.011912,0.017715
1765408013.681466,-9.732184,0.044835,0.164993,-0.005345,0.013744,0.017715
1765408013.683448,-10.023911,-0.151841,0.521282,-0.003512,0.008399,0.015730
1765408013.685493,-9.954566,-0.083692,0.428623,-0.003818,0.010537,0.010690
1765408013.688443,-9.707077,0.051411,0.025108,-0.003818,0.007483,0.011454
1765408013.690448,-9.750119,0.023912,0.107604,-0.005345,0.007483,0.016035
1765408013.693484,-10.029292,-0.012554,0.503945,-0.005192,0.010843,0.016799
1765408013.694524,-10.088473,-0.072932,0.527260,-0.003665,0.017562,0.016799
1765408013.697551,-9.915112,-0.231946,0.217599,-0.003971,0.018479,0.016188
1765408013.700521,-9.862504,-0.063965,0.287542,-0.003971,0.010385,0.011301
1765408013.703490,-10.036465,0.109995,0.491392,-0.001985,0.010385,0.005498
1765408013.705576,-9.890003,0.083692,0.264825,-0.005040,0.012675,0.012065
1765408013.707584,-9.749520,0.066954,0.035270,-0.004123,0.012523,0.017257
1765408013.710531,-9.800333,-0.010760,0.276781,-0.004887,0.012523,0.017257
1765408013.716041,-10.095646,-0.163797,0.619321,-0.003971,0.008399,0.016035
1765408013.716541,-10.026302,-0.102822,0.386777,-0.003971,0.012370,0.010996
1765408013.718497,-9.699903,-0.026303,-0.056193,-0.001374,0.013592,0.013744
1765408013.720468,-9.589908,-0.004782,-0.013749,-0.003054,0.008705,0.016646
1765408013.723519,-9.846962,0.037661,0.219990,-0.002138,0.008705,0.012675
1765408013.725533,-9.846962,0.037661,0.219990,-0.002138,0.017257,0.012675
1765408013.728455,-9.743543,-0.009565,0.107604,-0.002596,0.021686,0.019242
1765408013.730493,-9.670013,-0.073529,0.163797,-0.006261,0.018021,0.016188
1765408013.731503,-9.900764,-0.040650,0.289335,-0.005040,0.010079,0.010690
1765408013.735478,-9.972500,-0.011956,0.316834,-0.001374,0.013897,0.015577
1765408013.738476,-9.972500,-0.011956,0.316834,-0.001374,0.018021,0.015577
1765408013.740455,-9.812887,0.076518,0.046628,-0.004429,0.015730,0.018173
1765408013.742477,-10.033475,0.023912,0.353898,-0.004581,0.015730,0.019395
1765408013.745493,-10.216402,-0.083692,0.594213,-0.003054,0.019395,0.020464
1765408013.748466,-9.964130,-0.142276,0.321616,-0.000764,0.021533,0.020006
1765408013.750460,-9.779410,-0.143472,-0.016141,-0.004276,0.019395,0.013592
1765408013.753444,-9.887612,0.050215,0.235533,-0.001680,0.012370,0.012828
1765408013.755467,-10.210424,0.201459,0.551172,-0.000458,0.015730,0.014661
1765408013.758496,-10.013748,0.072932,0.311454,-0.001833,0.020159,0.021075
1765408013.760478,-9.788378,-0.056791,0.035868,-0.002902,0.021228,0.023060
1765408013.763451,-9.908535,-0.089670,0.304878,-0.002291,0.018173,0.018784
1765408013.764510,-10.234934,-0.065758,0.606767,-0.000305,0.014050,0.017104
1765408013.766501,-10.033475,-0.032281,0.325203,-0.003818,0.017257,0.014203
1765408013.770471,-9.713055,0.086681,-0.052009,-0.003360,0.021533,0.015882
1765408013.773477,-9.766856,0.096844,0.083692,-0.004123,0.018021,0.019090
1765408013.775462,-10.125537,0.104615,0.517695,-0.001985,0.014813,0.022449
1765408013.778506,-10.032280,-0.076518,0.365854,-0.002291,0.021686,0.025351
1765408013.780457,-9.705284,-0.124342,0.020325,0.001527,0.021838,0.023824
1765408013.783451,-9.835006,-0.065160,0.113582,0.001527,0.015424,0.023824
1765408013.785499,-10.177545,0.021521,0.551769,-0.004123,0.012523,0.015882
1765408013.788444,-10.028693,0.106408,0.291726,-0.002443,0.019548,0.018784
1765408013.789436,-9.752509,0.076518,0.033477,0.002443,0.022755,0.020006
1765408013.793480,-9.776422,0.023912,0.135103,-0.001069,0.019242,0.024435
1765408013.795486,-10.109993,0.015543,0.611549,-0.001374,0.014050,0.021991
1765408013.798472,-9.954566,-0.034672,0.243305,-0.003971,0.017868,0.022755
1765408013.800513,-9.705881,-0.009565,-0.032879,-0.004276,0.017868,0.017868
1765408013.803486,-9.745934,0.101626,0.156624,-0.005498,0.017410,0.019090
1765408013.805555,-10.054399,0.153037,0.521282,-0.003971,0.013286,0.020617
1765408013.808531,-10.064561,0.175753,0.363462,-0.002443,0.021228,0.023976
1765408013.810493,-9.795551,0.000000,0.088474,-0.001985,0.021533,0.029169
1765408013.813511,-9.857722,-0.130918,0.243902,-0.002138,0.015424,0.027947
1765408013.815470,-10.126732,-0.235533,0.546987,-0.002596,0.014661,0.020311
1765408013.818471,-9.971304,-0.082496,0.336561,-0.001374,0.019090,0.015119
1765408013.820456,-9.644905,0.086681,-0.131516,-0.002749,0.021838,0.013134
1765408013.821463,-9.605451,0.198470,0.009565,-0.001680,0.020464,0.019242
1765408013.825435,-9.874461,0.148852,0.209230,-0.001680,0.014050,0.019242
1765408013.826479,-10.113581,0.016738,0.595409,-0.000916,0.024129,0.025656
1765408013.830473,-9.852941,-0.153037,0.123147,-0.002443,0.026573,0.027184
1765408013.833484,-9.837397,-0.086083,0.150646,-0.001985,0.020617,0.019548
1765408013.835499,-10.011955,0.021521,0.365854,-0.003665,0.019395,0.014661
1765408013.838527,-10.062170,0.200861,0.524868,-0.001985,0.021380,0.018631
1765408013.839027,-9.809300,0.204448,0.050215,-0.002291,0.026573,0.026267
1765408013.841508,-9.701099,0.129125,0.050813,-0.004123,0.020617,0.026725
1765408013.845490,-9.932447,-0.054998,0.331181,-0.001985,0.023518,0.027642
1765408013.846513,-10.060975,-0.156624,0.463893,-0.001833,0.016799,0.025351
1765408013.850532,-9.994618,-0.114778,0.296509,-0.006567,0.022755,0.018173
1765408013.853539,-9.611428,0.071736,-0.078910,-0.001069,0.024282,0.020159
1765408013.855459,-9.748923,0.212219,0.121951,-0.002443,0.018021,0.021991
1765408013.858440,-10.009563,0.210426,0.431014,-0.001833,0.019242,0.025656
1765408013.860481,-10.130320,-0.014347,0.492587,-0.003054,0.026420,0.031307
1765408013.861459,-9.869678,-0.043042,0.230751,-0.002443,0.026420,0.027642
1765408013.865466,-9.868484,-0.017934,0.084290,-0.002138,0.024435,0.024282
1765408013.868520,-9.898373,-0.053204,0.212219,-0.005192,0.020769,0.023671
1765408013.869020,-10.016738,0.000598,0.338355,-0.002596,0.019700,0.020159
1765408013.871563,-9.937828,0.145863,0.273792,-0.001985,0.028100,0.024129
1765408013.875527,-9.620994,0.044237,-0.057389,-0.003207,0.026573,0.028253
1765408013.876555,-9.620994,0.044237,-0.057389,-0.003207,0.022144,0.028253
1765408013.880440,-10.045432,-0.113582,0.472262,-0.002443,0.023366,0.026420
1765408013.881521,-10.004781,-0.033477,0.403515,-0.003054,0.026573,0.024587
1765408013.883476,-9.620994,-0.024510,-0.080703,-0.002596,0.026267,0.020617
1765408013.886480,-9.586321,0.163199,-0.026303,-0.002749,0.024587,0.023671
1765408013.890436,-9.809898,0.127331,0.196078,-0.002443,0.024282,0.027489
1765408013.893426,-10.043041,-0.056193,0.447154,-0.000305,0.033903,0.032223
1765408013.895504,-9.895385,-0.062171,0.182927,-0.001527,0.033903,0.028711
1765408013.898513,-9.805116,0.020923,0.155428,-0.000916,0.032070,0.023671
1765408013.900541,-9.862504,0.083094,0.178144,-0.000916,0.027184,0.026725
1765408013.902579,-9.910329,0.143472,0.332975,0.000611,0.022297,0.025962
1765408013.905534,-9.687947,0.095648,0.093257,-0.002291,0.031001,0.028863
1765408013.908542,-9.452414,0.039455,-0.188905,-0.002749,0.031001,0.033292
1765408013.910523,-9.660448,-0.123147,0.094452,0.000916,0.027794,0.036346
1765408013.911541,-10.152438,-0.169775,0.557747,0.001985,0.028253,0.032376
1765408013.915452,-10.124342,0.035868,0.438785,0.000305,0.036041,0.027642
1765408013.917575,-9.789574,0.020325,0.066954,-0.001833,0.031918,0.025198
1765408013.920535,-9.729793,0.157819,0.040650,-0.001833,0.031918,0.029627
1765408013.923466,-9.995216,0.092061,0.375418,0.000305,0.027947,0.030849
1765408013.923966,-10.004781,-0.097441,0.321616,0.000000,0.034972,0.036957
1765408013.927597,-9.872667,-0.138690,0.121951,0.001069,0.034972,0.034056
1765408013.929468,-9.872667,-0.138690,0.121951,0.001069,0.033750,0.034056
1765408013.931521,-10.088473,0.029890,0.368245,-0.005345,0.029322,0.029627
1765408013.933532,-9.984456,0.080105,0.277977,-0.002138,0.030391,0.028863
1765408013.937564,-9.831419,0.065758,-0.005978,-0.001374,0.034208,0.029780
1765408013.940471,-9.868484,-0.007771,0.227164,-0.001222,0.030085,0.029932
1765408013.943484,-9.997607,-0.111789,0.382592,0.000000,0.026573,0.034208
1765408013.945433,-9.928263,-0.025705,0.225371,0.004429,0.031001,0.030849
1765408013.947534,-9.723815,0.038857,-0.038857,0.004581,0.038332,0.028558
1765408013.950484,-9.704088,0.101626,0.026303,0.001833,0.030849,0.029322
1765408013.953466,-9.978478,0.200861,0.370636,-0.001527,0.025809,0.028405
1765408013.955482,-9.981467,0.117169,0.294715,-0.001069,0.034208,0.032070
1765408013.958424,-9.576159,0.014347,-0.250478,0.001222,0.036346,0.038026
1765408013.961484,-9.695719,0.039455,0.022716,0.001985,0.029780,0.034056
1765408013.963516,-10.144667,-0.032281,0.621114,-0.003665,0.029932,0.031918
1765408013.965478,-10.185316,-0.059182,0.481827,0.000916,0.031307,0.032529
1765408013.967543,-9.661644,-0.050215,-0.100430,0.004887,0.035888,0.029169
1765408013.970489,-9.558823,0.143472,-0.187709,0.001680,0.038026,0.028863
1765408013.973457,-9.897178,0.160210,0.265423,0.001374,0.028711,0.032529
1765408013.975437,-10.009563,0.140483,0.374223,0.004276,0.031460,0.034972
1765408013.976483,-9.727402,0.068747,0.020325,0.002902,0.037415,0.033598
1765408013.980492,-9.714849,0.087279,0.092061,0.003818,0.034972,0.033598
1765408013.983476,-9.950979,0.036466,0.256456,0.000611,0.029322,0.035125
1765408013.983976,-10.028693,0.003587,0.298900,-0.000153,0.029322,0.033445
1765408013.988480,-10.028693,0.003587,0.298900,-0.000153,0.042913,0.033445
1765408013.990467,-9.655068,0.094452,-0.026303,-0.001833,0.038485,0.035888
1765408013.993468,-9.826038,0.027499,0.214012,0.006720,0.033903,0.039095
1765408013.995470,-10.029889,0.041846,0.340746,0.002596,0.044593,0.036805
1765408013.998523,-9.935436,0.117767,0.253467,0.002902,0.044593,0.035125
1765408014.000520,-9.785987,0.087279,-0.036466,0.003665,0.037415,0.038790
1765408014.003521,-9.977880,-0.014945,0.321616,0.002749,0.029932,0.037415
1765408014.005527,-9.986848,0.054400,0.308465,0.002902,0.035125,0.032987
1765408014.007560,-9.884026,0.057389,0.176949,0.002902,0.038943,0.037110
1765408014.008539,-9.677187,0.083692,-0.034075,0.004581,0.040928,0.034667
1765408014.011605,-9.977880,0.126734,0.302487,0.001985,0.034208,0.036041
1765408014.013542,-10.117167,0.052009,0.386179,0.001069,0.037415,0.036652
1765408014.018495,-9.947989,-0.038259,0.202056,-0.001222,0.041997,0.038637
1765408014.020455,-9.658057,0.028097,-0.141081,-0.000764,0.042455,0.036652
1765408014.023453,-9.811692,0.063965,0.171569,-0.002749,0.039248,0.035125
1765408014.023953,-10.121950,0.123745,0.471066,0.004581,0.041233,0.040623
1765408014.028471,-10.023911,0.075323,0.231946,0.003054,0.044746,0.039706
1765408014.030432,-10.015541,0.132114,0.215208,-0.001680,0.046273,0.033139
1765408014.033471,-9.919893,0.034672,0.175753,-0.000458,0.041844,0.037568
1765408014.035475,-10.112983,-0.033477,0.466284,0.001527,0.032987,0.038332
1765408014.038500,-9.933045,0.142874,0.042444,0.004887,0.046578,0.034667
1765408014.040515,-9.810495,0.157221,0.027499,0.003054,0.050549,0.036499
1765408014.043475,-9.878646,0.077714,0.239120,0.003971,0.042302,0.042913
1765408014.045471,-10.225369,-0.013749,0.575084,0.002291,0.039554,0.039095
1765408014.046474,-10.043638,0.063965,0.261239,0.000916,0.049327,0.036652
1765408014.050443,-10.043638,0.063965,0.261239,0.000916,0.045815,0.036652
1765408014.053476,-9.848756,0.107604,0.280966,0.003818,0.036346,0.035888
1765408014.055455,-9.979673,0.236729,0.301291,0.001374,0.036346,0.034972
1765408014.058432,-9.949782,0.327594,0.087877,0.005803,0.042761,0.041386
1765408014.060460,-9.782400,0.022716,-0.014347,0.004276,0.043219,0.048106
1765408014.062470,-10.043041,0.029890,0.461502,0.004887,0.037874,0.043371
1765408014.065477,-9.974891,-0.114180,0.272597,0.003054,0.035430,0.041386
1765408014.068495,-9.764465,0.009565,0.013749,0.004887,0.035430,0.037568
1765408014.068995,-9.684958,0.119560,-0.170971,0.001527,0.032681,0.036499
1765408014.073438,-9.928263,0.277977,0.194883,0.002596,0.030085,0.040470
1765408014.075443,-9.816475,0.115973,-0.075323,-0.000153,0.036346,0.044593
1765408014.077490,-9.644905,0.141081,-0.240316,0.000764,0.042608,0.044899
1765408014.078421,-9.928263,-0.001196,0.109995,-0.004887,0.042608,0.040775
1765408014.083493,-10.131515,0.033477,0.380201,0.001527,0.039706,0.040317
1765408014.085431,-10.009563,-0.041846,0.247489,0.002443,0.041844,0.038943
1765408014.088488,-9.734576,0.236729,-0.052009,0.002902,0.049633,0.036805
1765408014.090445,-9.781204,0.199665,0.013152,0.000764,0.049633,0.042761
1765408014.091441,-9.972500,0.150646,0.222382,0.005345,0.041539,0.048106
1765408014.095447,-9.998802,-0.049020,0.196078,0.006872,0.045204,0.045815
1765408014.097536,-9.809898,0.031683,0.034075,0.003665,0.048564,0.043982
1765408014.100469,-9.835604,0.013152,0.031086,0.002596,0.048564,0.043830
1765408014.103456,-9.835604,0.013152,0.031086,0.002596,0.039554,0.043830
1765408014.105521,-10.120754,0.260641,0.298900,-0.001069,0.041844,0.039706
1765408014.108544,-9.835006,0.214012,0.041846,0.003818,0.052687,0.039706
1765408014.110645,-9.628167,0.157221,-0.155428,0.006261,0.036041,0.051924
1765408014.111485,-10.104015,-0.011956,0.584648,0.001680,0.036041,0.047647
1765408014.115496,-10.104015,-0.011956,0.584648,0.001680,0.042913,0.047647
1765408014.116565,-9.878048,0.008369,0.088474,0.003665,0.042761,0.041997
1765408014.120501,-9.475131,0.149450,-0.343137,0.001069,0.044440,0.040928
1765408014.122612,-9.885221,0.215208,0.173960,0.004276,0.041539,0.040775
1765408014.125487,-10.069344,0.162602,0.394548,0.005803,0.041539,0.047495
1765408014.127582,-9.814680,0.003587,0.060976,0.002291,0.046273,0.049175
1765408014.130538,-9.426111,0.045433,-0.392157,0.000305,0.041997,0.043524
1765408014.133221,-9.646101,0.111191,-0.142276,0.000764,0.041997,0.042913
1765408014.135495,-10.111190,0.141081,0.517097,0.004429,0.052534,0.046273
1765408014.138450,-10.034073,0.232544,0.331181,0.006567,0.052534,0.045815
1765408014.140457,-9.784791,0.319225,0.013152,0.002138,0.059407,0.046120
1765408014.143515,-9.643710,0.199665,-0.267814,0.007178,0.052229,0.055741
1765408014.145522,-9.982663,0.001196,0.350311,0.005498,0.040623,0.051465
1765408014.146477,-10.114776,0.072334,0.497967,0.005498,0.056810,0.051465
1765408014.150576,-9.784193,0.059182,-0.150646,0.000458,0.060323,0.049938
1765408014.153525,-9.563007,0.069345,-0.229555,0.007178,0.052687,0.048106
1765408014.154025,-9.796746,0.284553,0.120756,0.004581,0.054978,0.043066
1765408014.157509,-9.964728,0.285151,0.327594,0.002902,0.057879,0.051465
1765408014.160509,-9.964728,0.285151,0.327594,0.002902,0.053145,0.051465
1765408014.163490,-9.748325,-0.084290,-0.068149,0.005192,0.050396,0.047647
1765408014.165497,-9.931850,0.063367,0.129723,0.002443,0.050855,0.041844
1765408014.168446,-9.983260,0.168580,0.136298,0.000611,0.050244,0.045662
1765408014.168946,-9.979673,0.229555,0.224773,0.001374,0.050244,0.045357
1765408014.173484,-9.933045,0.351506,0.135103,0.001374,0.054214,0.045357
1765408014.175453,-9.866092,0.172166,0.179340,0.002902,0.054367,0.055589
1765408014.178431,-9.756694,-0.118962,-0.029890,0.007483,0.051007,0.056200
1765408014.180432,-9.990434,-0.018532,0.137494,0.004581,0.055283,0.047189
1765408014.183469,-9.970109,0.107604,0.121951,0.001985,0.055283,0.044288
1765408014.183969,-9.819464,0.230751,-0.046628,0.005651,0.055741,0.046273
1765408014.188438,-9.907937,0.283357,0.123745,0.004276,0.054214,0.051007
1765408014.190504,-10.009563,0.239120,0.286944,-0.001374,0.052076,0.050091
1765408014.191474,-10.023911,0.054998,0.176949,0.003207,0.053298,0.055283
1765408014.195508,-9.697512,0.005380,-0.176949,0.004887,0.053909,0.051160
1765408014.198474,-9.873264,0.128527,0.042444,0.001069,0.052382,0.049633
1765408014.198974,-10.008368,0.266619,0.196078,0.005345,0.052382,0.048869
1765408014.202553,-9.897178,0.267814,0.104615,0.004581,0.052382,0.052534
1765408014.203527,-9.720826,0.252272,-0.055595,0.004581,0.056658,0.052534
1765408014.206543,-9.823050,0.099833,0.092061,0.001985,0.056810,0.056352
1765408014.210473,-9.909731,0.023912,0.265423,0.008705,0.054062,0.058948
1765408014.213517,-9.966521,0.083692,0.164993,0.008247,0.052993,0.054520
1765408014.215478,-9.906144,0.203252,0.159015,0.006261,0.057574,0.052229
1765408014.216509,-9.804518,0.126734,0.000000,0.003360,0.054062,0.060170
1765408014.221330,-9.811094,0.075323,0.063367,0.008399,0.049480,0.055741
1765408014.221830,-9.768052,0.159015,-0.011956,0.002596,0.055894,0.055436
1765408014.224488,-9.747727,0.190100,-0.126734,0.008705,0.054978,0.056963
1765408014.226498,-9.678382,0.075323,-0.162602,0.010079,0.055589,0.060018
1765408014.228487,-9.924676,0.094452,0.071736,0.007178,0.054520,0.052993
1765408014.232526,-10.091461,0.163797,0.126136,0.008705,0.062461,0.053451
1765408014.235512,-9.862504,0.126734,0.129723,0.006414,0.063225,0.056200
1765408014.237542,-9.820659,0.231946,0.070540,0.007025,0.059101,0.052076
1765408014.240468,-9.984456,0.325801,0.212817,0.003665,0.059101,0.052687
1765408014.243506,-9.975489,0.255858,0.103419,0.007330,0.062308,0.063377
1765408014.245422,-9.738162,0.079507,-0.098039,0.007789,0.065668,0.061697
1765408014.248525,-9.823050,0.129723,-0.012554,0.006567,0.064141,0.055131
1765408014.250544,-9.878048,0.151841,0.129125,0.004429,0.062308,0.056200
1765408014.253524,-9.918698,0.286944,0.139287,0.005803,0.059101,0.052534
1765408014.255530,-9.835604,0.418460,0.002391,0.005040,0.061239,0.052993
1765408014.257593,-9.879841,0.327594,0.096844,0.005803,0.062766,0.064446
1765408014.260489,-9.998802,0.096844,0.261836,0.007483,0.061545,0.069639
1765408014.263474,-10.079505,-0.075921,0.315638,0.004276,0.058185,0.060323
1765408014.265520,-9.907937,0.093257,0.002391,0.005040,0.063835,0.054825
1765408014.266470,-9.736369,0.220588,-0.108800,0.003512,0.060476,0.058643
1765408014.270443,-9.772237,0.321616,-0.057389,0.007483,0.054978,0.058796
1765408014.273478,-9.915709,0.283357,0.095648,0.002443,0.058490,0.059712
1765408014.275461,-9.791367,0.155428,-0.150048,0.005803,0.063530,0.064294
1765408014.278486,-9.797942,0.043042,-0.173362,0.011148,0.062766,0.069028
1765408014.280493,-10.027497,0.000000,0.202654,0.008094,0.058643,0.062156
1765408014.282524,-10.179338,0.129125,0.300096,0.006261,0.068111,0.054825
1765408014.285581,-9.812290,0.152439,-0.257054,0.007941,0.068111,0.058185
1765408014.288544,-9.812290,0.152439,-0.257054,0.007941,0.064294,0.058185
1765408014.290491,-9.851745,0.382592,0.043042,0.006872,0.064904,0.058032
1765408014.293447,-10.069344,0.227164,0.335964,0.008094,0.072235,0.066279
1765408014.295516,-9.794355,0.045433,-0.020325,0.008705,0.066737,0.067501
1765408014.296500,-9.799736,0.115973,-0.153635,0.005192,0.066737,0.060934
1765408014.300539,-9.846962,0.127929,-0.044835,0.004429,0.065973,0.058338
1765408014.302595,-9.830223,0.306074,0.043042,0.014355,0.069791,0.061697
1765408014.305497,-9.868484,0.418460,-0.028694,0.006567,0.069791,0.060170
1765408014.306527,-9.774031,0.288140,-0.087279,0.008094,0.072998,0.072082
1765408014.311571,-9.893590,0.056193,0.093257,0.014966,0.067501,0.074984
1765408014.313493,-10.031085,0.072932,0.120158,0.013897,0.065668,0.063988
1765408014.314495,-9.985652,0.164993,0.031683,0.011148,0.070097,0.060476
1765408014.316498,-9.792562,0.249283,-0.170373,0.011454,0.070097,0.063683
1765408014.318527,-9.792562,0.249283,-0.170373,0.011454,0.067195,0.063683
1765408014.326003,-9.884026,0.309063,0.068149,0.005345,0.067806,0.059101
1765408014.326336,-9.967119,0.297107,0.086083,0.008094,0.071929,0.068875
1765408014.326670,-9.918698,0.138690,0.060976,0.010079,0.068722,0.071471
1765408014.328488,-9.965326,0.081899,0.166188,0.007483,0.066584,0.064294
1765408014.333495,-9.965326,0.081899,0.166188,0.007483,0.064599,0.064294
1765408014.335503,-9.876254,0.198470,-0.045433,0.006720,0.065668,0.064141
1765408014.338514,-9.851745,0.347920,-0.180536,0.009774,0.065668,0.065057
1765408014.340482,-9.805714,0.374223,-0.251076,0.009316,0.069639,0.067042
1765408014.341537,-9.860114,0.203850,-0.033477,0.010232,0.074526,0.073609
1765408014.343444,-9.973696,0.113582,0.053802,0.010232,0.070250,0.073609
1765408014.346526,-10.196077,0.195481,0.288140,0.007178,0.068264,0.063072
1765408014.348434,-9.980869,0.374223,-0.053802,0.007941,0.073304,0.066279
1765408014.353506,-9.753107,0.448350,-0.294118,0.011606,0.071319,0.067501
1765408014.355495,-9.894188,0.431612,0.060976,0.009010,0.071319,0.071471
1765408014.358507,-10.138689,0.327594,0.308465,0.007941,0.073304,0.076205
1765408014.360514,-10.128527,0.197872,0.220588,0.010385,0.074984,0.076205
1765408014.361512,-9.967119,0.187709,-0.027499,0.009316,0.072235,0.074984
1765408014.365517,-10.007172,0.142276,0.071736,0.008705,0.069028,0.074526
1765408014.368542,-9.947392,0.145863,0.082496,0.009468,0.064752,0.072846
1765408014.370440,-9.907937,0.243902,-0.022119,0.005192,0.064752,0.068570
1765408014.373481,-9.806311,0.294715,-0.209230,0.008858,0.067653,0.068875
1765408014.375447,-9.758488,0.263630,-0.387972,0.012065,0.068417,0.075136
1765408014.377557,-9.848158,0.155428,-0.160210,0.015577,0.068264,0.077427
1765408014.380421,-10.148253,0.173960,0.219990,0.009468,0.071166,0.069028
1765408014.383453,-10.080104,0.253467,-0.010760,0.010079,0.074678,0.067653
1765408014.385470,-9.767454,0.279770,-0.302487,0.008552,0.074220,0.070250
1765408014.387546,-9.744739,0.343735,-0.287542,0.009927,0.073915,0.073457
1765408014.390437,-9.988043,0.302487,0.105213,0.012370,0.074067,0.076053
1765408014.393476,-10.032280,0.270803,0.109995,0.011148,0.074831,0.075136
1765408014.395475,-9.807508,0.243902,-0.075323,0.013134,0.077122,0.075136
1765408014.396510,-9.860114,0.318030,-0.033477,0.013286,0.074831,0.073151
1765408014.401491,-9.991630,0.328790,0.035868,0.012217,0.069639,0.073609
1765408014.403609,-10.059779,0.367049,0.111789,0.010232,0.066584,0.073609
1765408014.405476,-9.960544,0.373625,-0.090268,0.008247,0.078191,0.073609
1765408014.408476,-9.808105,0.296509,-0.098637,0.009316,0.076205,0.079718
1765408014.410483,-9.894188,0.118962,-0.013152,0.012065,0.068111,0.079260
1765408014.413454,-10.175752,0.234338,0.098039,0.010843,0.063377,0.071777
1765408014.415466,-10.117167,0.278575,0.005380,0.008399,0.072846,0.072082
1765408014.418486,-9.917501,0.261836,-0.010760,0.011606,0.073915,0.076205
1765408014.420459,-9.956957,0.316834,0.049020,0.013744,0.067653,0.076205
1765408014.423459,-9.972500,0.370636,0.027499,0.009927,0.068722,0.073609
1765408014.423959,-9.689142,0.325203,-0.436394,0.013592,0.067959,0.082161
1765408014.428485,-9.771639,0.211621,-0.237924,0.015119,0.072082,0.081551
1765408014.430487,-9.962337,0.209828,0.168580,0.010537,0.074373,0.077274
1765408014.431502,-9.946198,0.250478,-0.026303,0.010537,0.079107,0.077274
1765408014.435545,-9.552844,0.265423,-0.539216,0.013439,0.073762,0.075747
1765408014.437571,-9.592896,0.353898,-0.390961,0.012370,0.077580,0.076358
1765408014.440545,-9.833213,0.337159,0.054998,0.011454,0.080634,0.082009
1765408014.442604,-9.907937,0.241511,0.185916,0.013592,0.080940,0.082925
1765408014.445455,-9.769248,0.263032,-0.197274,0.013286,0.078191,0.076205
1765408014.446546,-9.840983,0.297704,-0.156624,0.010690,0.079412,0.076358
1765408014.450511,-10.127330,0.224773,0.194883,0.010843,0.076205,0.079565
1765408014.453528,-10.015541,0.251076,0.207437,0.014813,0.079412,0.074678
1765408014.454028,-9.592299,0.387374,-0.302487,0.010690,0.075747,0.071013
1765408014.458540,-9.523552,0.457915,-0.578670,0.014355,0.075747,0.078191
1765408014.459586,-9.691534,0.303682,-0.284553,0.020159,0.071319,0.085063
1765408014.463499,-9.934838,0.284553,0.145863,0.020464,0.088423,0.082467
1765408014.465485,-9.910927,0.326997,-0.053802,0.015272,0.088423,0.079412
1765408014.468451,-9.602462,0.300096,-0.429220,0.012370,0.082620,0.081551
1765408014.470440,-9.609037,0.371832,-0.454328,0.011759,0.076205,0.079871
1765408014.473463,-9.952174,0.520684,0.002391,0.015577,0.085674,0.080634
1765408014.475480,-9.854136,0.393352,0.075323,0.015730,0.094226,0.091324
1765408014.478492,-9.751313,0.259445,-0.178144,0.015882,0.091172,0.089797
1765408014.480521,-9.863102,0.292324,-0.111191,0.010537,0.082620,0.081703
1765408014.481546,-9.984456,0.319225,0.010163,0.012828,0.081092,0.080940
1765408014.485536,-9.984456,0.319225,0.010163,0.012828,0.086285,0.080940
1765408014.488536,-9.644905,0.312052,-0.389766,0.015882,0.080023,0.080634
1765408014.490531,-9.852941,0.469871,-0.065758,0.011301,0.080023,0.078954
1765408014.491517,-10.096842,0.499163,-0.037064,0.016188,0.080634,0.085827
1765408014.494432,-10.022118,0.337159,-0.072932,0.012523,0.083994,0.088575
1765408014.498557,-9.965326,0.239120,-0.084290,0.009927,0.094073,0.083536
1765408014.500480,-10.025107,0.289335,-0.128527,0.012217,0.085063,0.080481
1765408014.503508,-10.066355,0.349115,-0.086083,0.013897,0.085063,0.082161
1765408014.505530,-10.058583,0.385581,-0.042444,0.015119,0.087201,0.082161
1765408014.506523,-9.782400,0.422047,-0.209230,0.018937,0.100487,0.085979
1765408014.510506,-9.861309,0.376614,-0.130320,0.015577,0.093004,0.087812
1765408014.511543,-10.256454,0.388570,0.301291,0.011759,0.080787,0.084299
1765408014.515473,-10.186513,0.344333,0.159015,0.011606,0.087659,0.085827
1765408014.518545,-9.661644,0.243902,-0.481827,0.011148,0.088270,0.087506
1765408014.520480,-9.626373,0.429220,-0.539216,0.014661,0.080940,0.082467
1765408014.523491,-9.954566,0.539216,-0.123147,0.012675,0.080940,0.080329
1765408014.525494,-9.988641,0.339550,-0.142874,0.017715,0.087965,0.089492
1765408014.528536,-9.565398,0.225968,-0.595409,0.013897,0.094379,0.090408
1765408014.531260,-9.698708,0.298900,-0.401722,0.012981,0.088728,0.080940
1765408014.533508,-9.983260,0.364658,-0.013152,0.012065,0.087812,0.079565
1765408014.535462,-9.986848,0.417264,-0.042444,0.015577,0.090255,0.082009
1765408014.538512,-9.618603,0.449546,-0.449546,0.010232,0.096517,0.080634
1765408014.540465,-9.625177,0.486609,-0.560736,0.012065,0.091477,0.084605
1765408014.543444,-9.997607,0.324008,0.092659,0.015730,0.086590,0.091019
1765408014.545441,-10.155428,0.330583,0.246294,0.017715,0.089492,0.087048
1765408014.548512,-9.845168,0.371234,-0.327594,0.014966,0.094837,0.088270
1765408014.550491,-9.593494,0.331181,-0.679101,0.014203,0.090255,0.088270
1765408014.553485,-9.995814,0.466882,-0.059182,0.015424,0.087659,0.086590
1765408014.555492,-10.257052,0.491392,0.316236,0.015577,0.087659,0.089339
1765408014.556508,-9.900167,0.395744,-0.313247,0.017257,0.094226,0.092241
1765408014.560478,-9.524150,0.260043,-0.634864,0.018479,0.090103,0.096059
1765408014.563514,-9.892993,0.311454,-0.105811,0.015882,0.077580,0.085827
1765408014.564014,-10.316236,0.467480,0.218795,0.016646,0.082161,0.084758
1765408014.568492,-10.034073,0.429220,-0.237924,0.015882,0.086437,0.088117
1765408014.569481,-9.579147,0.469273,-0.731707,0.015424,0.090255,0.084605
1765408014.573470,-9.762672,0.587637,-0.316834,0.015119,0.087659,0.086285
1765408014.575481,-10.072333,0.484218,0.186514,0.018326,0.093921,0.093462
1765408014.576454,-9.882831,0.328790,-0.196078,0.016188,0.095753,0.092088
1765408014.580462,-9.728598,0.471066,-0.412482,0.014355,0.091019,0.087659
1765408014.583447,-9.809898,0.628886,-0.254663,0.009468,0.087965,0.090866
1765408014.585478,-10.046029,0.512912,0.206839,0.010690,0.080023,0.093768
1765408014.586450,-9.772237,0.271401,-0.300096,0.007636,0.090561,0.093157
1765408014.590459,-9.442849,0.419656,-0.871592,0.012523,0.089797,0.093310
1765408014.593445,-9.715446,0.394548,-0.408895,0.014966,0.089797,0.096517
1765408014.595494,-10.194283,0.337159,0.303682,0.014966,0.086285,0.094073
1765408014.596537,-9.986848,0.412482,-0.005978,0.014661,0.098502,0.091019
1765408014.600517,-9.354375,0.390961,-0.848876,0.014050,0.096211,0.089950
1765408014.603433,-9.368722,0.366451,-0.635461,0.013286,0.088423,0.091172
1765408014.605483,-9.913916,0.560736,0.012554,0.016493,0.085521,0.088575
1765408014.608508,-9.966521,0.463893,-0.199665,0.020159,0.097891,0.098044
1765408014.610466,-9.557627,0.350311,-0.640842,0.022602,0.100182,0.095906
1765408014.613449,-9.691534,0.374223,-0.327594,0.017410,0.096669,0.090408
1765408014.615477,-10.059181,0.445959,0.167384,0.018173,0.097128,0.096364
1765408014.618529,-9.953370,0.351506,-0.197872,0.018784,0.095448,0.095753
1765408014.620460,-9.789574,0.532042,-0.535629,0.019395,0.100487,0.088881
1765408014.621480,-9.715446,0.605571,-0.355691,0.017868,0.107360,0.095600
1765408014.625517,-9.835006,0.394548,-0.096844,0.018021,0.102167,0.104611
1765408014.628505,-9.978478,0.218795,-0.023912,0.018173,0.098655,0.104611
1765408014.630456,-9.927068,0.310856,-0.145863,0.018937,0.104000,0.092699
1765408014.633489,-9.840983,0.386179,-0.386777,0.019548,0.103236,0.091630
1765408014.636527,-9.826038,0.419656,-0.179340,0.024435,0.091477,0.090255
1765408014.638471,-10.057388,0.590626,0.035868,0.019242,0.100640,0.085521
1765408014.640475,-9.920491,0.661167,-0.270206,0.019395,0.108123,0.094226
1765408014.643476,-9.691534,0.539813,-0.579268,0.020922,0.103389,0.101251
1765408014.645468,-9.971304,0.511717,-0.163199,0.017562,0.099113,0.096059
1765408014.648460,-10.188306,0.451339,0.104017,0.021228,0.106749,0.098807
1765408014.650431,-9.868484,0.514108,-0.346724,0.022144,0.106749,0.101404
1765408014.652565,-9.610233,0.503348,-0.722142,0.016952,0.103542,0.102473
1765408014.653495,-9.789574,0.661167,-0.353300,0.018937,0.106749,0.102167
1765408014.658539,-9.789574,0.661167,-0.353300,0.018937,0.107665,0.102167
1765408014.660502,-9.936033,0.275586,-0.164993,0.023976,0.101556,0.104916
1765408014.661489,-9.971304,0.381994,-0.279173,0.018631,0.104763,0.095448
1765408014.665508,-9.937828,0.477044,-0.300096,0.020617,0.107360,0.097128
1765408014.668488,-9.860114,0.456719,-0.315638,0.021533,0.102014,0.099113
1765408014.670481,-9.858918,0.508130,-0.280966,0.020311,0.100182,0.096669
1765408014.673482,-9.775226,0.597202,-0.467480,0.018631,0.102167,0.098655
1765408014.673982,-9.727402,0.572692,-0.505739,0.023518,0.102167,0.104000
1765408014.678461,-9.898373,0.479436,-0.410689,0.023213,0.099418,0.104153
1765408014.680471,-10.094451,0.652798,-0.039455,0.019548,0.105374,0.102320
1765408014.683449,-9.989837,0.601387,-0.243902,0.022602,0.112857,0.105832
1765408014.685437,-9.597081,0.437590,-0.690459,0.020464,0.101251,0.108734
1765408014.688423,-9.785987,0.536824,-0.620516,0.025198,0.094990,0.101098
1765408014.690458,-10.002390,0.553563,-0.225371,0.023060,0.109498,0.102167
1765408014.693439,-9.881036,0.471066,-0.405308,0.022907,0.114079,0.109192
1765408014.695440,-9.732184,0.245696,-0.673123,0.019090,0.109650,0.104305
1765408014.697519,-9.946198,0.342539,-0.475251,0.019090,0.103542,0.104305
1765408014.700458,-10.124939,0.582257,-0.167384,0.022755,0.109039,0.092088
1765408014.703455,-9.851147,0.760402,-0.435796,0.022755,0.112857,0.092088
1765408014.705450,-9.775824,0.796867,-0.454328,0.019090,0.103694,0.096517
1765408014.707527,-10.014943,0.845887,-0.191894,0.021991,0.103694,0.104153
1765408014.708488,-10.014943,0.845887,-0.191894,0.021991,0.103389,0.104153
1765408014.712518,-10.014346,0.277379,-0.386777,0.016952,0.099724,0.109956
1765408014.715474,-9.808105,0.316834,-0.520086,0.017410,0.103236,0.101862
1765408014.718513,-9.842180,0.538020,-0.377810,0.022755,0.094073,0.101098
1765408014.720523,-9.929459,0.582257,-0.432807,0.020617,0.094073,0.102931
1765408014.723496,-9.927068,0.658776,-0.438785,0.018784,0.095906,0.101251
1765408014.725509,-9.858918,0.482425,-0.481827,0.017868,0.107207,0.104916
1765408014.727729,-9.760879,0.315638,-0.369440,0.022907,0.102625,0.106443
1765408014.730494,-10.106407,0.504543,-0.029890,0.024893,0.098502,0.094226
1765408014.732547,-9.998206,0.618125,-0.258250,0.024893,0.108123,0.100945
1765408014.735676,-9.756096,0.671927,-0.538618,0.024129,0.099266,0.103542
1765408014.737504,-9.588115,0.752032,-0.815399,0.019700,0.093768,0.101709
1765408014.740412,-9.808702,0.691057,-0.475251,0.022144,0.093768,0.110414
1765408014.743440,-9.904947,0.512912,-0.341942,0.025962,0.102625,0.113621
1765408014.745429,-9.818267,0.508728,-0.440579,0.022144,0.109498,0.110567
1765408014.748472,-9.711859,0.362267,-0.517097,0.022449,0.109192,0.108734
1765408014.749500,-9.825441,0.483022,-0.379603,0.023671,0.101556,0.104763
1765408014.753480,-9.846365,0.585844,-0.410091,0.024282,0.101556,0.103084
1765408014.756472,-9.846365,0.585844,-0.410091,0.024282,0.102625,0.103084
1765408014.756972,-9.577952,0.595409,-0.640842,0.028253,0.102473,0.113316
1765408014.760500,-9.680773,0.556552,-0.537422,0.027642,0.102473,0.113316
1765408014.763452,-9.993423,0.452535,-0.075323,0.025351,0.103389,0.108276
1765408014.765473,-9.965326,0.538020,-0.144668,0.030849,0.108734,0.105222
1765408014.768510,-9.965326,0.538020,-0.144668,0.030849,0.110872,0.105222
1765408014.770430,-9.430893,0.811812,-0.752630,0.020922,0.103847,0.103542
1765408014.773511,-9.732184,0.911047,-0.448350,0.025351,0.107970,0.113010
1765408014.775501,-9.880439,0.613343,-0.280368,0.023671,0.114995,0.124769
1765408014.778437,-9.747727,0.301291,-0.502750,0.023060,0.114995,0.116523
1765408014.780425,-9.705881,0.406504,-0.493783,0.025656,0.119424,0.112399
1765408014.783445,-9.830223,0.584648,-0.442372,0.027031,0.113621,0.105527
1765408014.785493,-10.033475,0.717360,-0.137494,0.025045,0.106749,0.104153
1765408014.786462,-9.923481,0.646820,-0.462697,0.021991,0.116217,0.111025
1765408014.790454,-9.585723,0.661167,-0.846485,0.028863,0.116828,0.114079
1765408014.793475,-9.600070,0.631277,-0.665949,0.029780,0.117439,0.113163
1765408014.795493,-10.093256,0.685079,-0.114778,0.028253,0.116370,0.113010
1765408014.798413,-10.194881,0.529651,0.008369,0.023060,0.124922,0.112857
1765408014.800474,-9.873264,0.490196,-0.511717,0.023518,0.122020,0.109803
1765408014.803467,-9.704685,0.750239,-0.628886,0.023671,0.120493,0.109956
1765408014.805469,-9.913916,0.720349,-0.254663,0.026420,0.115606,0.114385
1765408014.807506,-10.001194,0.649211,-0.324008,0.029932,0.119119,0.121868
1765408014.808505,-9.904350,0.594213,-0.489000,0.030696,0.119119,0.117744
1765408014.813480,-9.745336,0.409493,-0.508130,0.026878,0.120799,0.115148
1765408014.815467,-9.765063,0.485414,-0.548780,0.027489,0.115301,0.111025
1765408014.818469,-9.807508,0.595409,-0.548780,0.031307,0.112399,0.111636
1765408014.820503,-9.890003,0.767575,-0.383788,0.033292,0.115606,0.112552
1765408014.821477,-9.830223,0.815997,-0.670732,0.029627,0.117286,0.113926
1765408014.824463,-9.713653,0.821377,-0.782520,0.028405,0.116828,0.121409
1765408014.827998,-9.867885,0.743663,-0.554758,0.029932,0.122326,0.118050
1765408014.830538,-10.008368,0.683883,-0.259445,0.029932,0.116217,0.118050
1765408014.832513,-10.199066,0.643831,-0.273792,0.026878,0.116370,0.116981
1765408014.835545,-10.046627,0.637255,-0.465088,0.023518,0.116370,0.113010
1765408014.838536,-9.824244,0.660569,-0.722142,0.024129,0.123089,0.114232
1765408014.839036,-9.744141,0.793878,-0.631277,0.024740,0.120340,0.114232
1765408014.843478,-10.168577,0.843496,-0.209230,0.030696,0.113621,0.120799
1765408014.845520,-10.083092,0.650406,-0.438785,0.029780,0.113010,0.122631
1765408014.848476,-10.072930,0.719751,-0.533238,0.027947,0.115912,0.117897
1765408014.850526,-9.890601,0.705404,-0.503348,0.029932,0.121868,0.116064
1765408014.852541,-9.858918,0.700622,-0.446557,0.026878,0.113621,0.119730
1765408014.855508,-9.824244,0.868603,-0.610952,0.026573,0.115606,0.114995
1765408014.858509,-9.689740,0.949306,-0.934959,0.031460,0.120340,0.123089
1765408014.860509,-9.707077,0.724534,-0.737685,0.029932,0.121562,0.131489
1765408014.863490,-9.919893,0.707795,-0.360473,0.026420,0.119119,0.121257
1765408014.863990,-9.977880,0.667145,-0.414873,0.026267,0.124158,0.123395
1765408014.868443,-9.611428,0.588235,-0.894309,0.024282,0.120340,0.120951
1765408014.869521,-9.592299,0.936155,-0.821377,0.027336,0.119730,0.113774
1765408014.873452,-9.853538,1.037781,-0.297704,0.024740,0.115148,0.119730
1765408014.875441,-9.927068,0.976805,-0.365256,0.025045,0.118813,0.126602
1765408014.878149,-9.532519,0.719153,-1.010282,0.021838,0.114385,0.133016
1765408014.880418,-9.644905,0.620516,-0.676112,0.022449,0.114385,0.127365
1765408014.883500,-9.644905,0.620516,-0.676112,0.022449,0.113468,0.127365
1765408014.885472,-9.960544,0.639646,-0.329388,0.025504,0.118050,0.123547
1765408014.888461,-9.690936,0.832138,-0.805834,0.024129,0.119577,0.117439
1765408014.889455,-9.740554,0.796867,-0.676710,0.025962,0.116828,0.124006
1765408014.892541,-9.756096,0.665949,-0.661167,0.026725,0.116828,0.128587
1765408014.895499,-9.756096,0.665949,-0.661167,0.026725,0.118202,0.128587
1765408014.897501,-9.728598,0.815399,-0.637853,0.026420,0.127365,0.122478
1765408014.900463,-9.702892,0.940937,-0.616930,0.025656,0.124464,0.131336
1765408014.901508,-9.625775,0.747848,-0.811215,0.022602,0.121562,0.132710
1765408014.906002,-9.781204,0.830942,-0.594811,0.025504,0.122784,0.124158
1765408014.907685,-9.836202,0.806432,-0.475849,0.030238,0.134238,0.131947
1765408014.910449,-9.803921,0.600789,-0.512912,0.029016,0.119424,0.137445
1765408014.911559,-10.083690,0.554758,-0.328790,0.025962,0.119424,0.122326
1765408014.915536,-10.181131,0.563128,-0.420253,0.027794,0.124464,0.121562
1765408014.918463,-9.706479,0.598996,-0.682688,0.030238,0.125838,0.122173
1765408014.920498,-9.612624,0.973816,-0.881157,0.029932,0.124617,0.117439
1765408014.923520,-10.025107,1.015064,-0.479436,0.031001,0.124922,0.126144
1765408014.925500,-10.023911,0.864419,-0.497967,0.035430,0.128587,0.139125
1765408014.928454,-10.023911,0.864419,-0.497967,0.035430,0.128740,0.139125
1765408014.930560,-9.858918,0.424438,-0.474653,0.025809,0.130420,0.125838
1765408014.933589,-9.939023,0.610952,-0.468675,0.028405,0.119119,0.125380
1765408014.937239,-9.760281,0.676710,-0.738881,0.031307,0.114232,0.123242
1765408014.938488,-9.716043,0.888929,-0.809421,0.029322,0.121868,0.117744
1765408014.941531,-9.716043,0.888929,-0.809421,0.029322,0.127213,0.117744
1765408014.943423,-10.007172,0.754424,-0.503348,0.029322,0.117133,0.133321
1765408014.945555,-10.017933,0.712578,-0.651004,0.030696,0.117133,0.127213
1765408014.948563,-9.904350,0.877571,-0.717360,0.034819,0.129503,0.127518
1765408014.950470,-9.733380,0.931372,-0.833333,0.032223,0.130878,0.129809
1765408014.953520,-9.961142,1.064084,-0.538618,0.030543,0.120493,0.131794
1765408014.955479,-10.049019,1.050335,-0.353898,0.025962,0.123700,0.134849
1765408014.956506,-9.808702,0.917025,-0.774749,0.030849,0.130420,0.142637
1765408014.959556,-9.611428,0.653993,-0.868006,0.031001,0.125838,0.145844
1765408014.963469,-9.954566,0.658776,-0.477044,0.030543,0.118966,0.134696
1765408014.965511,-10.117167,0.755619,-0.383788,0.031001,0.123700,0.134238
1765408014.968460,-9.683165,0.689861,-0.889526,0.029627,0.125686,0.138056
1765408014.970522,-9.435676,0.749641,-1.110713,0.032376,0.123242,0.130267
1765408014.972502,-9.594690,0.873386,-0.968436,0.031460,0.119730,0.129045
1765408014.975503,-9.851147,0.872788,-0.653993,0.036346,0.120035,0.138666
1765408014.978423,-9.791965,0.899091,-0.808226,0.033292,0.130114,0.140652
1765408014.979453,-9.888808,0.870995,-0.579866,0.030543,0.131336,0.136987
1765408014.983429,-9.891200,0.836322,-0.522477,0.029932,0.130114,0.138972
1765408014.984443,-9.952174,0.769369,-0.457317,0.029016,0.120035,0.132863
1765408014.988473,-9.814680,0.954687,-0.868006,0.030849,0.124769,0.129962
1765408014.990449,-9.550453,0.957676,-1.091583,0.032834,0.125686,0.137597
1765408014.993521,-9.732184,0.820182,-0.756217,0.034056,0.130572,0.136070
1765408014.995447,-9.973098,0.747848,-0.442372,0.036957,0.127671,0.137903
1765408014.998670,-9.917501,0.812410,-0.477044,0.034819,0.133016,0.129809
1765408015.000467,-9.586321,1.028216,-1.052726,0.035125,0.122020,0.129656
1765408015.003440,-9.482902,1.034792,-0.944524,0.032070,0.122020,0.135918
1765408015.005469,-9.750119,0.958871,-0.687470,0.031460,0.124769,0.137750
1765408015.008447,-9.635341,0.897298,-0.886537,0.033750,0.134085,0.138514
1765408015.010480,-9.561213,0.856647,-0.900885,0.036346,0.139735,0.139125
1765408015.011427,-9.675393,0.924199,-0.755021,0.037110,0.136376,0.136681
1765408015.015460,-9.955164,0.961262,-0.339550,0.034819,0.132558,0.138819
1765408015.017494,-9.736967,0.887733,-0.783118,0.033598,0.131641,0.137139
1765408015.020513,-9.650884,1.123864,-0.970229,0.036652,0.132100,0.135307
1765408015.023530,-9.692730,1.102343,-0.888331,0.034361,0.133779,0.140499
1765408015.024532,-9.948587,0.976207,-0.564323,0.033139,0.135307,0.151036
1765408015.028540,-10.017933,0.718556,-0.499761,0.030543,0.135307,0.145233
1765408015.030500,-9.971304,0.736490,-0.615136,0.031765,0.140041,0.141263
1765408015.033522,-9.751313,0.846485,-0.872788,0.033445,0.138514,0.140499
1765408015.035952,-9.717837,0.860832,-0.713175,0.029016,0.127518,0.135154
1765408015.037455,-9.738760,1.005500,-0.827355,0.027031,0.135154,0.133932
1765408015.038539,-9.742945,1.083812,-1.043161,0.033750,0.136376,0.140194
1765408015.043484,-9.854136,0.909852,-0.890722,0.035583,0.135154,0.149051
1765408015.045540,-9.966521,0.948709,-0.665949,0.036957,0.141568,0.140804
1765408015.048557,-9.976088,0.997728,-0.637255,0.039554,0.151036,0.141110
1765408015.050443,-9.745336,0.873984,-0.863821,0.031612,0.131183,0.146913
1765408015.053497,-10.085484,0.866810,-0.523673,0.033292,0.131183,0.140194
1765408015.055488,-10.216402,0.854854,-0.379005,0.032834,0.136528,0.142026
1765408015.058437,-9.838593,0.845289,-0.966045,0.037568,0.136070,0.144317
1765408015.060497,-9.540888,0.833333,-1.167503,0.038943,0.131794,0.141568
1765408015.063452,-9.949782,0.837518,-0.642037,0.030696,0.128893,0.133779
1765408015.065425,-10.217000,1.066475,-0.469871,0.037263,0.131794,0.134696
1765408015.068486,-9.766856,1.124462,-0.883548,0.036194,0.133627,0.141873
1765408015.070506,-9.516976,1.182449,-1.223099,0.036041,0.133321,0.144775
1765408015.073513,-9.648493,1.122668,-0.966045,0.035583,0.127671,0.151342
1765408015.074013,-9.950381,0.805834,-0.611549,0.034667,0.127976,0.154549
1765408015.078449,-9.719033,0.772358,-1.016260,0.034972,0.139583,0.149662
1765408015.080434,-9.655068,0.940937,-0.903276,0.034819,0.137597,0.142026
1765408015.082481,-9.632950,1.038976,-1.070062,0.034208,0.133474,0.145386
1765408015.083481,-9.709468,1.105930,-0.858441,0.035736,0.133474,0.145539
1765408015.088487,-9.747727,0.983979,-0.668340,0.029780,0.141721,0.143706
1765408015.088987,-9.623384,1.135222,-0.991750,0.032834,0.140499,0.145080
1765408015.094786,-9.536106,1.339072,-1.303204,0.037721,0.137750,0.152258
1765408015.095510,-9.626373,1.150167,-1.052128,0.034667,0.143706,0.159436
1765408015.096515,-9.913317,0.828551,-0.497967,0.032987,0.143706,0.159894
1765408015.100509,-9.781204,0.679101,-0.693448,0.031918,0.143248,0.150884
1765408015.102601,-9.482902,0.842300,-1.109517,0.034056,0.135307,0.140499
1765408015.105513,-9.320897,1.037781,-1.358202,0.031460,0.136070,0.144775
1765408015.108518,-9.635341,1.064084,-1.046150,0.033598,0.131641,0.142942
1765408015.110569,-9.722619,1.073051,-0.940937,0.040928,0.141873,0.151036
1765408015.112621,-9.697512,1.070660,-0.880559,0.040928,0.146913,0.151036
1765408015.115520,-9.791965,1.113701,-0.746054,0.035125,0.135765,0.146913
1765408015.117545,-9.754900,1.030607,-0.957676,0.035888,0.135765,0.155312
1765408015.120521,-9.754900,1.030607,-0.957676,0.035888,0.133321,0.155312
1765408015.122533,-9.614418,1.011478,-1.137016,0.034819,0.142637,0.148135
1765408015.125542,-9.710664,1.067671,-1.083812,0.037721,0.143859,0.150273
1765408015.128467,-9.740554,0.957676,-0.841702,0.036194,0.142332,0.147219
1765408015.130609,-10.039454,1.168101,-0.533835,0.037263,0.142332,0.144470
1765408015.133628,-9.844571,1.072453,-1.079627,0.033445,0.142942,0.148288
1765408015.135538,-9.714250,1.237446,-0.947513,0.039706,0.132710,0.150120
1765408015.138571,-9.897178,1.285868,-0.798661,0.037874,0.137750,0.151189
1765408015.140486,-9.802725,1.116690,-0.967240,0.035888,0.135918,0.161116
1765408015.142569,-9.658057,0.952893,-1.248804,0.040164,0.142637,0.155771
1765408015.145486,-9.707077,0.939742,-1.148972,0.041997,0.144928,0.150426
1765408015.146489,-10.049019,1.011478,-0.576279,0.042455,0.147677,0.147982
1765408015.149523,-9.913916,1.109517,-0.882951,0.039095,0.147677,0.148746
1765408015.153508,-9.809898,1.168699,-1.142994,0.035125,0.135001,0.150426
1765408015.155465,-9.870873,1.137613,-1.052128,0.036499,0.140346,0.148593
1765408015.156570,-9.915112,1.209947,-0.961262,0.041233,0.136681,0.154091
1765408015.160499,-9.880439,1.138211,-0.808823,0.039401,0.144011,0.156687
1765408015.163468,-9.761477,1.031205,-0.887135,0.033903,0.142637,0.155160
1765408015.165543,-9.812290,0.988761,-0.967240,0.035430,0.136070,0.154243
1765408015.168482,-9.697512,0.919416,-1.145385,0.037110,0.131336,0.150578
1765408015.170480,-9.656861,1.156145,-1.009086,0.037110,0.135001,0.144622
1765408015.171505,-9.404591,1.195600,-1.324725,0.034667,0.142026,0.149509
1765408015.175428,-9.624580,1.147776,-1.105930,0.040012,0.132100,0.155618
1765408015.178488,-9.624580,1.147776,-1.105930,0.040012,0.133169,0.155618
1765408015.180460,-9.896580,1.212338,-0.924199,0.041233,0.134849,0.155618
1765408015.181436,-9.612624,1.053324,-1.154352,0.037263,0.147829,0.158061
1765408015.185465,-9.669415,1.171688,-0.986370,0.039095,0.132252,0.153327
1765408015.186471,-9.687349,1.048541,-0.989359,0.036499,0.132252,0.159741
1765408015.190490,-9.624580,1.026423,-1.242229,0.039706,0.133474,0.157145
1765408015.193472,-9.581538,1.077236,-1.250598,0.041539,0.144775,0.158061
1765408015.195467,-9.671806,1.048541,-0.749641,0.048106,0.143248,0.159894
1765408015.197602,-9.905546,1.060497,-0.685677,0.043219,0.140957,0.157451
1765408015.200543,-9.744141,1.194404,-1.087996,0.047495,0.137903,0.155771
1765408015.203502,-9.348397,1.295433,-1.569225,0.044288,0.141568,0.157909
1765408015.205477,-9.509803,1.359995,-1.190818,0.041233,0.142790,0.162948
1765408015.207499,-9.772835,1.174079,-0.956480,0.038026,0.145844,0.168446
1765408015.210480,-9.720228,0.856647,-0.921808,0.042455,0.145080,0.170431
1765408015.213478,-9.550453,0.729316,-1.335485,0.042761,0.145691,0.160199
1765408015.213978,-9.692730,0.891918,-1.162123,0.043830,0.143553,0.154243
1765408015.216521,-9.995814,1.059302,-0.655787,0.045051,0.143095,0.152258
1765408015.220477,-9.918099,1.490913,-0.887135,0.049175,0.143553,0.151036
1765408015.223450,-9.537301,1.548900,-1.384505,0.046731,0.144011,0.159283
1765408015.225503,-9.444045,1.451458,-1.461023,0.045968,0.143248,0.171195
1765408015.226487,-9.803921,1.147178,-0.945122,0.045662,0.138056,0.173180
1765408015.230518,-9.977880,0.922405,-0.613343,0.044288,0.148288,0.166766
1765408015.233506,-9.637134,1.121473,-1.332496,0.049022,0.151036,0.157756
1765408015.234006,-9.408176,1.279292,-1.533955,0.044746,0.144775,0.159283
1765408015.238500,-9.789574,1.373744,-1.009086,0.046426,0.137445,0.161116
1765408015.240563,-9.943208,1.444285,-0.835127,0.046426,0.145386,0.165086
1765408015.243458,-9.600070,1.446676,-1.305595,0.047037,0.153174,0.172722
1765408015.245513,-9.497847,1.248206,-1.436514,0.043524,0.147219,0.173638
1765408015.248460,-9.898971,1.171688,-0.918221,0.042608,0.138056,0.169210
1765408015.250580,-10.024508,1.135222,-0.772955,0.041386,0.142484,0.168904
1765408015.251592,-9.899570,1.135222,-0.917025,0.041386,0.148135,0.168904
1765408015.255527,-9.646101,1.343855,-1.296628,0.039401,0.134238,0.163712
1765408015.256456,-9.699903,1.382114,-1.334290,0.043830,0.134238,0.168293
1765408015.260445,-9.770443,1.234457,-1.124462,0.047342,0.139125,0.171195
1765408015.261488,-9.812290,1.263151,-0.964849,0.050549,0.144928,0.169668
1765408015.265517,-9.812290,1.263151,-0.964849,0.050549,0.153480,0.169668
1765408015.266466,-9.698708,1.297226,-1.054519,0.046273,0.137292,0.174860
1765408015.270531,-9.869678,1.255380,-0.988163,0.042608,0.137292,0.167072
1765408015.272572,-9.749520,1.323529,-1.225490,0.050244,0.144317,0.169668
1765408015.275470,-9.585126,1.270923,-1.418579,0.048106,0.144470,0.174860
1765408015.278515,-9.604255,1.199785,-1.224892,0.042761,0.143095,0.164628
1765408015.280500,-9.799736,1.484337,-0.965447,0.050396,0.148288,0.167988
1765408015.283434,-9.705284,1.199785,-1.162123,0.049022,0.148898,0.173791
1765408015.285466,-9.469750,1.170492,-1.287661,0.048717,0.143401,0.169210
1765408015.288480,-9.615016,1.355811,-1.172884,0.045509,0.142484,0.160658
1765408015.290440,-9.698708,1.418579,-1.154352,0.044899,0.143401,0.162948
1765408015.291485,-9.671806,1.489718,-1.100550,0.043982,0.143248,0.166155
1765408015.295490,-9.660448,1.498087,-1.324725,0.044288,0.144470,0.167683
1765408015.298440,-9.640720,1.437709,-1.151363,0.042302,0.146760,0.173333
1765408015.300492,-9.594690,1.288259,-1.303204,0.041081,0.144317,0.173791
1765408015.301486,-9.595885,1.404830,-1.194404,0.045815,0.144317,0.171806
1765408015.305506,-9.634743,1.505261,-1.310975,0.045815,0.153327,0.171806
1765408015.308518,-9.654470,1.426949,-1.233859,0.047342,0.147829,0.184787
1765408015.310503,-9.653872,1.140602,-1.230273,0.044135,0.149967,0.182496
1765408015.311551,-9.750119,1.257771,-1.149569,0.048258,0.153785,0.173486
1765408015.314556,-9.808702,1.288857,-1.111908,0.046273,0.153785,0.173486
1765408015.318484,-9.808702,1.288857,-1.111908,0.046273,0.149967,0.173486
1765408015.320478,-9.764465,1.371353,-1.128646,0.046884,0.150426,0.169362
1765408015.323466,-9.703490,1.460425,-1.291248,0.046120,0.151800,0.170584
1765408015.325481,-9.778215,1.467001,-1.400048,0.049022,0.148746,0.176235
1765408015.328506,-9.698708,1.255978,-1.301411,0.045815,0.148746,0.180205
1765408015.333235,-10.075322,1.294835,-0.803443,0.044899,0.149509,0.170279
1765408015.333735,-9.995216,1.231468,-1.035987,0.042761,0.143248,0.169668
1765408015.335529,-9.764465,1.247609,-1.147178,0.044899,0.143248,0.171195
1765408015.338560,-9.764465,1.247609,-1.147178,0.044899,0.144470,0.171195
1765408015.340479,-9.722619,1.487924,-1.409612,0.048564,0.142332,0.173180
1765408015.342496,-9.708870,1.372549,-1.377331,0.052382,0.145997,0.174402
1765408015.345447,-9.859515,1.324127,-1.251793,0.055894,0.143859,0.176998
1765408015.348495,-9.846962,1.238642,-1.005500,0.051313,0.145844,0.170126
1765408015.350503,-9.522357,1.339072,-1.508847,0.054367,0.150273,0.167072
1765408015.352587,-9.239597,1.636777,-1.720468,0.052993,0.143248,0.171195
1765408015.353507,-9.671806,1.483142,-1.302009,0.049633,0.137445,0.171653
1765408015.358438,-9.769248,1.541128,-1.130440,0.051924,0.154396,0.173638
1765408015.360464,-9.561213,1.523792,-1.396461,0.050702,0.154396,0.172722
1765408015.363449,-9.451816,1.642754,-1.441894,0.050702,0.147524,0.172722
1765408015.365522,-9.739358,1.587757,-1.174079,0.042913,0.145080,0.175166
1765408015.368502,-9.739956,1.379125,-1.163319,0.043677,0.143248,0.180205
1765408015.370464,-9.424915,1.440698,-1.598517,0.046120,0.149051,0.177915
1765408015.373455,-9.516378,1.439502,-1.478359,0.040928,0.149051,0.175929
1765408015.375422,-9.783595,1.430536,-1.004304,0.045051,0.149051,0.179900
1765408015.378464,-9.687947,1.262554,-1.183644,0.044593,0.152869,0.180358
1765408015.380487,-9.558823,1.314562,-1.373744,0.045815,0.150578,0.175776
1765408015.383445,-9.636537,1.468795,-1.377331,0.046273,0.143553,0.171500
1765408015.384503,-9.707675,1.445480,-1.193209,0.050091,0.143553,0.178678
1765408015.386497,-9.527737,1.399450,-1.350430,0.048717,0.152258,0.177915
1765408015.390515,-9.289812,1.435318,-1.604495,0.053603,0.155618,0.175013
1765408015.393489,-9.495455,1.367766,-1.312769,0.046731,0.154854,0.179747
1765408015.393989,-9.868484,1.417982,-0.975610,0.046731,0.149509,0.179747
1765408015.398516,-9.814083,1.400645,-1.150765,0.049327,0.150273,0.172875
1765408015.400450,-9.536106,1.556671,-1.580583,0.052076,0.153480,0.170431
1765408015.401450,-9.622189,1.782042,-1.450861,0.054978,0.153327,0.174860
1765408015.405510,-9.799736,1.549498,-0.980990,0.047495,0.150120,0.184023
1765408015.408463,-9.772835,1.394070,-1.006695,0.052840,0.157603,0.183260
1765408015.410465,-9.475131,1.318149,-1.703132,0.048717,0.158520,0.182954
1765408015.413576,-9.579745,1.400048,-1.504065,0.048717,0.148288,0.176540
1765408015.415477,-10.054996,1.477762,-1.059302,0.051007,0.147677,0.173180
1765408015.418475,-9.978478,1.624223,-1.017456,0.053909,0.160047,0.173028
1765408015.420499,-9.702294,1.866332,-1.397656,0.053298,0.162032,0.179289
1765408015.423545,-9.623384,1.691774,-1.490913,0.050396,0.156382,0.189521
1765408015.425582,-9.829028,1.257771,-1.245815,0.052993,0.147066,0.191964
1765408015.428587,-9.801530,1.131038,-1.220708,0.052534,0.156840,0.182038
1765408015.430579,-9.634145,1.287661,-1.415590,0.052993,0.160810,0.172569
1765408015.437299,-9.579147,1.458034,-1.351028,0.047037,0.153785,0.168752
1765408015.437799,-9.441654,1.593137,-1.682209,0.048258,0.145386,0.167835
1765408015.437477,-9.383069,1.737207,-1.608082,0.051007,0.142637,0.172875
1765408015.440537,-9.320897,1.726446,-1.765303,0.052840,0.148440,0.176845
1765408015.443508,-9.472739,1.697752,-1.594333,0.053145,0.148440,0.184939
1765408015.445496,-9.320897,1.200382,-1.753945,0.049480,0.156992,0.193033
1765408015.448501,-9.564800,1.171688,-1.510641,0.053909,0.153785,0.182343
1765408015.450475,-9.684361,1.351028,-1.282281,0.049938,0.157909,0.169821
1765408015.453457,-9.799736,1.785031,-1.223697,0.049327,0.156992,0.168599
1765408015.455454,-9.510401,1.891439,-1.771879,0.048106,0.158367,0.177609
1765408015.458508,-9.403395,1.770684,-1.743185,0.050091,0.151036,0.186925
1765408015.459008,-9.595885,1.522597,-1.419177,0.049175,0.154702,0.188452
1765408015.463475,-9.796148,1.431731,-1.268532,0.053756,0.157451,0.184634
1765408015.465479,-9.514585,1.227881,-1.490913,0.049022,0.162796,0.182954
1765408015.466466,-9.423719,1.482544,-1.620038,0.056047,0.156382,0.176693
1765408015.470483,-9.524150,1.666667,-1.465806,0.055283,0.155007,0.175471
1765408015.473483,-9.673599,1.764706,-1.349832,0.053756,0.154854,0.178067
1765408015.475444,-9.541486,1.956599,-1.639168,0.055131,0.154854,0.180511
1765408015.478482,-9.541486,1.956599,-1.639168,0.055131,0.158367,0.180511
1765408015.480456,-9.768052,1.792204,-1.160330,0.051618,0.155618,0.192881
1765408015.483481,-9.782400,1.495696,-1.306791,0.047342,0.156687,0.189979
1765408015.485437,-9.597081,1.538737,-1.578192,0.042455,0.156229,0.181122
1765408015.488414,-9.600669,1.654711,-1.623625,0.044288,0.156229,0.179136
1765408015.490427,-9.600669,1.654711,-1.623625,0.044288,0.151800,0.179136
1765408015.493677,-9.940218,1.402439,-1.328312,0.051313,0.151036,0.186161
1765408015.495417,-9.866092,1.628407,-1.248206,0.049175,0.158214,0.175013
1765408015.498504,-9.736967,1.838833,-1.586561,0.050855,0.160963,0.180205
1765408015.500486,-9.733380,1.785031,-1.598517,0.050091,0.150731,0.187383
1765408015.502509,-9.782400,1.617647,-1.492109,0.047342,0.150273,0.182649
1765408015.505490,-10.046029,1.660688,-1.078431,0.048869,0.165697,0.181732
1765408015.508523,-9.795551,1.465208,-1.413199,0.052687,0.165697,0.187536
1765408015.509023,-9.531323,1.486131,-1.660688,0.054367,0.156076,0.187230
1765408015.511466,-9.650286,1.586561,-1.526781,0.054520,0.152258,0.178220
1765408015.515475,-9.805714,1.850789,-1.269727,0.056963,0.149204,0.184023
1765408015.517525,-9.655666,1.902798,-1.508847,0.051465,0.148746,0.184176
1765408015.519472,-9.537899,1.813127,-1.563845,0.048717,0.148746,0.189674
1765408015.523451,-9.383667,1.489718,-1.755739,0.047189,0.145844,0.193797
1765408015.525547,-9.531323,1.252989,-1.765303,0.047800,0.135918,0.189368
1765408015.528527,-9.487086,1.423362,-1.915949,0.051771,0.143095,0.178373
1765408015.531215,-9.615016,1.851985,-1.642754,0.058643,0.153938,0.180969
1765408015.533179,-9.570778,1.886059,-1.443089,0.054520,0.158978,0.184787
1765408015.535450,-9.570778,1.886059,-1.443089,0.054520,0.149509,0.184787
1765408015.538465,-9.411763,1.758130,-1.861549,0.051465,0.146455,0.194561
1765408015.540513,-9.355571,1.601506,-1.997848,0.060018,0.146455,0.196393
1765408015.543466,-9.458392,1.562052,-1.786227,0.060170,0.149204,0.194102
1765408015.545445,-9.640123,1.529172,-1.306791,0.058643,0.155007,0.188146
1765408015.548465,-9.457794,1.682209,-1.551889,0.058643,0.158367,0.188146
1765408015.550457,-9.371113,1.896222,-1.753945,0.057727,0.152716,0.190590
1765408015.553501,-9.438066,1.918340,-1.735413,0.058338,0.148440,0.195935
1765408015.554421,-9.509205,1.746174,-1.752750,0.056505,0.150426,0.202196
1765408015.558487,-9.373504,1.456241,-1.950024,0.060781,0.153480,0.202502
1765408015.560467,-9.577952,1.588952,-1.607484,0.057574,0.158214,0.190285
1765408015.563467,-9.967119,1.830464,-1.241033,0.056658,0.161421,0.189521
1765408015.565502,-9.915112,1.912960,-1.238044,0.056200,0.160047,0.194102
1765408015.567490,-9.652678,1.782042,-1.670253,0.057879,0.160047,0.201127
1765408015.570442,-9.602462,1.814921,-1.574605,0.055589,0.154702,0.197920
1765408015.571516,-9.707675,1.713295,-1.526781,0.059559,0.156687,0.201280
1765408015.575490,-9.537301,1.502869,-1.657102,0.058490,0.159130,0.205098
1765408015.579457,-9.424915,1.330703,-1.816117,0.064294,0.159130,0.198073
1765408015.580471,-9.652678,1.703730,-1.557867,0.066279,0.160199,0.187841
1765408015.583470,-9.809898,1.895026,-1.296030,0.067042,0.157298,0.188757
1765408015.585480,-9.536703,1.905787,-1.581779,0.063377,0.159741,0.195935
1765408015.588452,-9.340028,1.706719,-1.910569,0.060476,0.157603,0.196851
1765408015.590457,-9.519367,1.676829,-1.658297,0.065515,0.149967,0.194102
1765408015.591524,-9.605451,1.651721,-1.716284,0.069028,0.149662,0.192423
1765408015.594456,-9.646699,1.820899,-1.652319,0.064446,0.152564,0.186008
1765408015.597534,-9.619798,2.102463,-1.655308,0.060476,0.158520,0.185092
1765408015.600460,-9.553442,1.944046,-1.684600,0.061545,0.155312,0.198531
1765408015.603443,-9.398612,1.954806,-1.771879,0.063530,0.151189,0.196240
1765408015.604438,-9.586321,2.102463,-1.578790,0.062003,0.157909,0.198073
1765408015.608492,-9.494260,1.816117,-1.743185,0.062156,0.158367,0.209221
1765408015.610462,-9.516976,1.686992,-1.739598,0.068111,0.151036,0.205403
1765408015.613468,-9.754900,1.751554,-1.573410,0.068111,0.154702,0.205403
1765408015.613968,-9.743543,1.889048,-1.386896,0.060628,0.157145,0.200517
1765408015.616514,-9.454207,1.734816,-1.850789,0.060628,0.160352,0.204182
1765408015.620523,-9.487086,1.793400,-1.797585,0.062614,0.152564,0.199142
1765408015.623546,-9.585126,1.862745,-1.658297,0.063988,0.156992,0.199906
1765408015.625536,-9.521759,1.908178,-1.759923,0.063683,0.155312,0.202044
1765408015.628511,-9.201936,1.752152,-2.127570,0.060323,0.162643,0.200364
1765408015.630504,-9.371113,1.871712,-1.820301,0.064294,0.160963,0.202807
1765408015.633560,-9.740554,1.779053,-1.413797,0.061850,0.156076,0.203113
1765408015.635511,-9.836799,1.822094,-1.384505,0.058032,0.156076,0.193797
1765408015.638523,-9.689142,1.968555,-1.767097,0.058032,0.161879,0.193033
1765408015.640488,-9.341224,2.018771,-2.082735,0.062766,0.160505,0.201433
1765408015.643504,-9.334049,1.921329,-1.938068,0.064599,0.156840,0.204945
1765408015.645531,-9.579147,1.966164,-1.575801,0.061087,0.168293,0.197768
1765408015.646567,-9.536703,2.087518,-1.678622,0.060323,0.168293,0.198989
1765408015.650513,-9.411763,1.987087,-1.969153,0.063377,0.164170,0.203571
1765408015.653450,-9.522954,2.071975,-1.701339,0.061239,0.163559,0.197462
1765408015.655472,-9.904947,2.254304,-1.364180,0.060018,0.165392,0.199600
1765408015.658464,-9.903154,2.102463,-1.487326,0.057116,0.159894,0.210749
1765408015.660517,-9.551649,1.916547,-1.963175,0.061392,0.159894,0.209679
1765408015.661504,-9.551649,1.916547,-1.963175,0.061392,0.162948,0.209679
1765408015.665550,-9.629362,1.775466,-1.594930,0.058643,0.153633,0.204793
1765408015.668526,-9.673002,1.913558,-1.652319,0.057116,0.153633,0.201280
1765408015.670529,-9.610233,2.069584,-1.785031,0.052534,0.159130,0.194255
1765408015.673501,-9.381873,2.101865,-2.002630,0.052993,0.160199,0.202807
1765408015.675492,-9.341821,1.947633,-2.002630,0.059254,0.151953,0.207847
1765408015.677475,-9.481706,1.901004,-1.739598,0.063072,0.148746,0.202807
1765408015.680505,-9.585126,1.904591,-1.826877,0.058796,0.158367,0.197309
1765408015.683471,-9.458392,1.860354,-2.014586,0.062614,0.158367,0.204334
1765408015.685441,-9.458989,1.803563,-1.917742,0.063530,0.150426,0.198378
1765408015.687522,-9.795551,2.060616,-1.466403,0.063683,0.155312,0.191354
1765408015.690518,-9.603060,2.150287,-1.777857,0.061239,0.157298,0.198073
1765408015.691519,-9.544475,2.101865,-2.043280,0.066890,0.157298,0.206931
1765408015.695501,-9.457794,2.026542,-1.902200,0.060934,0.157603,0.207847
1765408015.698519,-9.673002,1.893233,-1.554878,0.059101,0.158978,0.204487
1765408015.699019,-9.610233,1.953013,-1.733022,0.063683,0.162948,0.204487
1765408015.701529,-9.405785,2.089909,-1.891439,0.060628,0.153938,0.205251
1765408015.705449,-9.466762,2.007412,-1.888450,0.053756,0.153938,0.204640
1765408015.708460,-9.393829,2.246532,-1.898613,0.059407,0.155160,0.204182
1765408015.710457,-9.183404,2.405547,-2.080942,0.060934,0.162796,0.210443
1765408015.712503,-9.295193,2.167623,-1.964371,0.058948,0.154854,0.221439
1765408015.715509,-9.295193,2.167623,-1.964371,0.058948,0.157603,0.221439
1765408015.717508,-9.628167,1.484935,-1.709110,0.059559,0.159894,0.210443
1765408015.719542,-9.628167,1.484935,-1.709110,0.059559,0.160047,0.210443
1765408015.722547,-9.298779,1.996652,-2.130559,0.061087,0.164170,0.188605
1765408015.725455,-9.397416,2.352941,-1.901004,0.061239,0.164170,0.198837
1765408015.726526,-9.397416,2.352941,-1.901004,0.061239,0.166155,0.198837
1765408015.730519,-9.490674,1.975131,-1.884266,0.060934,0.162643,0.211818
1765408015.733463,-9.535507,1.853180,-1.936872,0.053451,0.166003,0.205556
1765408015.735478,-9.491868,1.767695,-2.070779,0.064294,0.159894,0.209679
1765408015.738503,-9.579147,1.829866,-1.826279,0.058490,0.159894,0.201433
1765408015.740496,-9.545671,2.170014,-1.715686,0.057879,0.166614,0.193797
1765408015.743450,-9.492466,2.427666,-1.820301,0.056200,0.169210,0.202655
1765408015.744558,-9.473935,2.277618,-2.000239,0.063530,0.152105,0.214261
1765408015.748512,-9.691534,2.104854,-1.975131,0.062919,0.153785,0.217621
1765408015.750523,-9.708273,1.707915,-1.800573,0.060018,0.162948,0.218079
1765408015.751547,-9.557627,1.676231,-1.794596,0.065821,0.165392,0.210749
1765408015.755467,-9.571974,1.844213,-1.711501,0.067042,0.154854,0.203418
1765408015.758422,-9.586919,2.199306,-1.750956,0.066126,0.156687,0.197157
1765408015.760473,-9.258727,2.474892,-2.214251,0.068722,0.159130,0.204793
1765408015.761453,-9.050693,2.288378,-2.407938,0.063683,0.159589,0.217468
1765408015.765498,-9.372309,2.092300,-2.002630,0.067959,0.152869,0.217315
1765408015.766464,-9.494858,1.857962,-1.932090,0.062614,0.156687,0.215177
1765408015.770510,-9.258129,1.859158,-2.192730,0.064141,0.157603,0.205709
1765408015.773453,-9.258129,1.859158,-2.192730,0.064141,0.164475,0.205709
1765408015.775543,-9.424317,2.254902,-1.791009,0.061239,0.155312,0.207847
1765408015.778517,-9.560018,2.324246,-1.837637,0.063530,0.157909,0.207694
1765408015.780447,-9.283834,2.450980,-2.109039,0.062919,0.166155,0.212123
1765408015.783428,-9.340028,2.211860,-2.058823,0.058948,0.162185,0.218537
1765408015.783928,-9.340028,2.211860,-2.058823,0.058948,0.157756,0.218537
1765408015.788426,-9.406384,1.952415,-2.101865,0.067348,0.156382,0.215177
1765408015.790421,-9.515182,2.043280,-1.933285,0.067195,0.167988,0.209679
1765408015.793435,-9.659253,2.224414,-1.724055,0.074678,0.166614,0.212276
1765408015.795449,-9.442849,2.293161,-1.859158,0.070250,0.166614,0.214261
1765408015.797541,-9.550453,2.489239,-1.804160,0.068264,0.162643,0.213345
1765408015.800458,-9.508607,2.330224,-2.039096,0.060934,0.162948,0.220064
1765408015.803432,-9.650884,2.052845,-1.898613,0.064599,0.156076,0.223424
1765408015.805449,-9.588115,2.009804,-2.048661,0.065821,0.160658,0.215330
1765408015.808412,-9.516976,2.083931,-1.929699,0.062614,0.162643,0.209069
1765408015.810427,-9.365135,2.272836,-1.953610,0.060170,0.163865,0.204334
1765408015.811452,-9.516378,2.622549,-1.944046,0.065210,0.155618,0.209069
1765408015.815447,-9.534313,2.636298,-2.106647,0.062308,0.156229,0.217468
1765408015.817699,-9.484695,2.410928,-2.171210,0.057879,0.155771,0.221744
1765408015.820528,-9.374700,2.128168,-2.197513,0.055436,0.156382,0.223729
1765408015.823500,-9.567192,1.975729,-2.040889,0.061545,0.156229,0.218384
1765408015.825476,-9.561811,2.021760,-1.976327,0.067501,0.160505,0.213956
1765408015.827503,-9.493662,2.287183,-2.015782,0.066279,0.158825,0.208458
1765408015.830495,-9.409372,2.549019,-2.142515,0.061087,0.153327,0.217315
1765408015.832582,-9.639525,2.516738,-1.990674,0.058032,0.147066,0.219759
1765408015.833539,-9.513390,2.312888,-2.018173,0.059254,0.150273,0.225409
1765408015.838445,-9.137971,1.977522,-2.526303,0.060170,0.157451,0.227089
1765408015.840469,-9.116450,2.028336,-2.391200,0.064294,0.156840,0.220828
1765408015.843437,-9.444643,2.152080,-1.904591,0.060018,0.155007,0.218079
1765408015.845514,-9.787182,2.255499,-1.653515,0.068570,0.145080,0.217773
1765408015.848438,-9.537301,2.446198,-2.086322,0.066126,0.155312,0.218384
1765408015.850474,-9.201338,2.351745,-2.423481,0.064294,0.155312,0.221897
1765408015.853572,-9.087756,2.116212,-2.327833,0.061545,0.155312,0.221286
1765408015.855550,-9.099712,2.101865,-2.409134,0.070402,0.148746,0.222508
1765408015.858473,-9.050693,2.042085,-2.447393,0.072082,0.149967,0.219453
1765408015.860458,-9.050693,2.042085,-2.447393,0.072082,0.153480,0.219453
1765408015.863535,-9.404591,2.321855,-1.965567,0.070555,0.160505,0.216704
1765408015.865500,-9.419535,2.299139,-2.021760,0.074067,0.160505,0.216246
1765408015.868461,-9.336440,2.294356,-2.036107,0.070860,0.156534,0.216246
1765408015.870436,-9.249760,2.369081,-2.146102,0.068111,0.160352,0.210290
1765408015.873476,-9.493064,2.607604,-2.153276,0.072235,0.157145,0.218995
1765408015.875433,-9.476326,2.254902,-2.089909,0.062614,0.155312,0.225867
1765408015.876468,-9.487086,2.318269,-1.939263,0.068875,0.155312,0.219301
1765408015.880458,-9.438066,2.492228,-1.951817,0.070097,0.164934,0.221439
1765408015.883445,-9.233619,2.479675,-2.172405,0.074220,0.154702,0.229685
1765408015.885433,-9.185198,2.236968,-2.318269,0.067195,0.153327,0.232892
1765408015.888496,-9.401003,2.236968,-2.180774,0.070860,0.150426,0.229533
1765408015.890471,-9.620994,2.204686,-1.901602,0.073609,0.157298,0.226631
1765408015.893480,-9.615016,2.198111,-1.981109,0.076053,0.159589,0.226936
1765408015.895487,-9.460783,2.202295,-2.126972,0.072235,0.153480,0.225104
1765408015.897499,-9.373504,2.293161,-2.223816,0.072998,0.153480,0.223577
1765408015.900482,-9.267097,2.355332,-2.317671,0.074067,0.153022,0.226478
1765408015.901525,-9.531323,2.275227,-2.007412,0.066432,0.147677,0.222355
1765408015.905422,-9.623384,2.287183,-1.971545,0.069639,0.151495,0.222508
1765408015.906466,-9.381275,2.062410,-2.226805,0.071471,0.152716,0.222660
1765408015.910460,-9.356767,2.291965,-2.225012,0.074373,0.152716,0.215635
1765408015.913517,-9.240792,2.424079,-2.385222,0.074373,0.152564,0.215635
1765408015.914017,-9.308942,2.464132,-2.303921,0.077733,0.143706,0.227242
1765408015.918499,-9.184600,2.342180,-2.421090,0.072998,0.151036,0.222966
1765408015.920542,-9.219272,2.461740,-2.214251,0.074373,0.155771,0.220980
1765408015.923459,-9.221663,2.350550,-2.220229,0.076664,0.155771,0.225409
1765408015.925468,-9.349592,2.468914,-2.104256,0.081856,0.146455,0.224951
1765408015.927548,-9.317311,2.467718,-2.085126,0.078343,0.153327,0.220980
1765408015.930480,-9.444045,2.653634,-2.168818,0.081398,0.153327,0.227089
1765408015.933536,-9.444045,2.653634,-2.168818,0.081398,0.148898,0.227089
1765408015.935481,-9.224054,2.363701,-2.360115,0.079718,0.148593,0.229685
1765408015.937608,-9.246771,2.356528,-2.293161,0.075289,0.158520,0.226936
1765408015.940507,-9.291008,2.434242,-2.120995,0.074984,0.159741,0.227395
1765408015.943593,-9.270683,2.454567,-2.234576,0.074984,0.156076,0.226478
1765408015.945570,-9.270683,2.454567,-2.234576,0.074984,0.152105,0.226478
1765408015.948517,-9.229435,2.535868,-2.459947,0.078496,0.161421,0.230296
1765408015.950525,-9.380678,2.356528,-2.291368,0.076816,0.157603,0.230449
1765408015.953578,-9.426111,2.270445,-2.219034,0.077885,0.158978,0.225409
1765408015.955451,-9.522954,2.483859,-1.930296,0.077427,0.159894,0.218995
1765408015.956437,-9.305355,2.636298,-2.229794,0.077427,0.165697,0.214414
1765408015.960427,-9.337039,2.911286,-2.322453,0.080940,0.160658,0.221286
1765408015.963500,-9.377091,2.749282,-2.240555,0.078191,0.156840,0.229991
1765408015.965503,-9.589908,2.675753,-2.013391,0.080329,0.154854,0.229685
1765408015.966517,-9.499640,2.582496,-2.136537,0.074067,0.163254,0.227853
1765408015.970488,-9.427306,2.699665,-2.195122,0.074067,0.162796,0.227853
1765408015.971538,-9.350788,2.602223,-2.285389,0.069180,0.156687,0.225409
1765408015.975485,-9.256335,2.696676,-2.196317,0.070708,0.152564,0.224188
1765408015.979519,-9.154709,2.922046,-2.519130,0.072082,0.152716,0.222202
1765408015.980460,-9.267097,2.763032,-2.415710,0.071471,0.152716,0.234114
1765408015.982535,-9.149927,2.314084,-2.312290,0.072998,0.154091,0.238543
1765408015.985467,-9.210902,2.050454,-2.451578,0.070402,0.157298,0.226478
1765408015.987548,-9.191773,2.134146,-2.351148,0.068417,0.158825,0.209679
1765408015.990431,-9.253944,2.584887,-2.372071,0.069333,0.155160,0.204640
1765408015.991487,-9.243781,2.884983,-2.311095,0.069791,0.156992,0.211207
1765408015.995445,-9.116450,2.800095,-2.321257,0.066584,0.160047,0.217163
1765408015.998523,-9.189980,2.668580,-2.234576,0.073304,0.152869,0.223729
1765408015.999023,-9.178621,2.281205,-2.381635,0.070708,0.150426,0.228922
1765408016.003509,-9.115254,2.094691,-2.537063,0.070708,0.147524,0.228922
1765408016.004447,-9.016020,2.252511,-2.608799,0.067348,0.152258,0.203265
1765408016.008468,-8.994499,2.838354,-2.633907,0.078649,0.150884,0.205556
1765408016.010468,-9.041127,2.981229,-2.633309,0.071166,0.151495,0.215177
1765408016.013485,-9.270683,2.850908,-2.335007,0.073609,0.155160,0.226020
1765408016.015515,-9.266499,2.507173,-2.323649,0.072082,0.158978,0.229227
1765408016.018491,-9.151720,2.305117,-2.501195,0.070402,0.160352,0.227547
1765408016.020597,-8.965207,2.374462,-2.659612,0.071777,0.157909,0.217773
1765408016.023513,-9.147535,2.687111,-2.451578,0.076358,0.155923,0.218537
1765408016.024013,-9.281443,2.893950,-2.269847,0.072693,0.156534,0.215788
1765408016.026557,-9.294595,3.163558,-2.162840,0.069333,0.161421,0.218842
1765408016.030530,-9.188784,3.011716,-2.449784,0.068722,0.161879,0.236558
1765408016.033537,-9.188187,2.354734,-2.644667,0.069333,0.150426,0.236558
1765408016.035500,-9.418339,2.113223,-2.484457,0.066584,0.159741,0.228922
1765408016.036476,-9.555235,2.256097,-2.183166,0.071624,0.159741,0.216399
1765408016.040501,-9.463174,2.481468,-2.167623,0.069028,0.164017,0.214261
1765408016.041471,-9.417742,2.761836,-2.171210,0.069791,0.157298,0.214261
1765408016.045526,-9.375298,2.887972,-2.247130,0.068111,0.157298,0.218232
1765408016.049254,-9.277856,2.907102,-2.409732,0.072998,0.153327,0.222660
1765408016.050515,-9.016020,2.615973,-2.852104,0.068875,0.154243,0.231976
1765408016.052585,-9.097919,2.330224,-2.539454,0.070402,0.147524,0.227395
1765408016.055551,-9.218077,2.210665,-2.427666,0.072235,0.154702,0.219148
1765408016.058469,-9.062648,2.697273,-2.501793,0.075442,0.158214,0.216246
1765408016.059527,-8.847440,2.826996,-2.767814,0.074067,0.157756,0.220370
1765408016.061428,-9.028574,2.886178,-2.294356,0.074526,0.156992,0.228158
1765408016.065524,-9.288019,2.812649,-2.140722,0.074984,0.155160,0.235489
1765408016.068460,-9.263509,2.504782,-2.546030,0.071624,0.149967,0.238848
1765408016.070554,-8.987326,2.154471,-2.834170,0.068570,0.149967,0.228616
1765408016.073453,-9.018411,2.397178,-2.708034,0.077274,0.151189,0.215025
1765408016.074524,-9.069821,2.734935,-2.314084,0.077580,0.156992,0.217010
1765408016.076483,-9.074604,2.986609,-2.497608,0.074831,0.156534,0.218690
1765408016.080427,-9.173241,3.183883,-2.560975,0.078649,0.155160,0.229533
1765408016.083458,-9.117048,2.721783,-2.549019,0.072998,0.155160,0.237779
1765408016.085496,-9.117048,2.721783,-2.549019,0.072998,0.155007,0.237779
1765408016.088550,-8.991510,2.346963,-2.907700,0.080634,0.156992,0.230602
1765408016.090504,-9.100310,2.607604,-2.667982,0.082314,0.152411,0.222050
1765408016.093437,-9.218077,2.907700,-2.314682,0.080634,0.158367,0.220980
1765408016.093937,-9.207316,3.235293,-2.469512,0.080787,0.158367,0.227089
1765408016.098500,-9.207316,3.235293,-2.469512,0.080787,0.153327,0.227089
1765408016.100477,-9.169056,2.639885,-2.598039,0.075289,0.150578,0.243124
1765408016.103480,-9.276661,2.494022,-2.513749,0.073762,0.150578,0.235030
1765408016.103980,-9.300572,2.713414,-2.540650,0.077122,0.154549,0.229685
1765408016.108473,-9.393231,2.855093,-2.266858,0.074678,0.153174,0.232587
1765408016.108973,-9.533715,2.923242,-2.117408,0.077733,0.154854,0.236405
1765408016.112542,-9.426111,2.859875,-2.278814,0.076053,0.148288,0.234878
1765408016.115514,-9.360353,2.747489,-2.465327,0.076969,0.148288,0.238390
1765408016.116537,-9.090147,2.520325,-2.751076,0.075595,0.147371,0.235794
1765408016.120609,-9.133189,2.702056,-2.669177,0.075900,0.138666,0.224646
1765408016.123518,-9.041725,2.887972,-2.769010,0.077733,0.149662,0.227089
1765408016.125490,-9.025584,3.006934,-2.708034,0.079107,0.149509,0.230907
1765408016.127536,-8.973576,2.914873,-2.581301,0.072846,0.149509,0.229074
1765408016.130512,-8.944283,2.852702,-2.617169,0.072846,0.147677,0.229074
1765408016.133457,-8.993303,2.747489,-2.820421,0.069028,0.143401,0.228616
1765408016.135507,-9.122428,2.706839,-2.655428,0.069639,0.143401,0.229991
1765408016.137508,-9.220468,2.769010,-2.470110,0.076664,0.147371,0.227853
1765408016.140478,-8.970588,2.931013,-2.636896,0.076969,0.154243,0.225867
1765408016.141568,-8.727880,2.965088,-2.818029,0.076969,0.150578,0.225867
1765408016.145470,-8.837876,2.904113,-2.636298,0.073609,0.145997,0.237932
1765408016.148512,-9.018411,2.784552,-2.596246,0.074678,0.142790,0.239459
1765408016.149520,-9.018411,2.784552,-2.596246,0.074678,0.145844,0.239459
1765408016.153490,-8.739239,2.796509,-2.961501,0.075289,0.155007,0.232740
1765408016.155579,-8.849832,2.751673,-2.780966,0.081092,0.151953,0.236710
1765408016.158453,-9.094930,2.778575,-2.478479,0.080787,0.150884,0.238085
1765408016.160482,-9.155307,2.839550,-2.539454,0.080329,0.155771,0.235489
1765408016.163513,-9.123624,2.856289,-2.523911,0.080481,0.158978,0.235947
1765408016.165522,-9.124820,2.735533,-2.533477,0.077122,0.151036,0.236863
1765408016.167491,-9.282639,2.649449,-2.414514,0.074220,0.151036,0.232129
1765408016.170462,-9.292204,2.708632,-2.510162,0.076511,0.152716,0.224798
1765408016.173494,-9.110472,2.973457,-2.601626,0.076816,0.156534,0.220675
1765408016.175482,-9.037540,3.098995,-2.709230,0.078191,0.155465,0.226936
1765408016.178484,-9.221066,2.924438,-2.429459,0.080634,0.149815,0.233503
1765408016.180462,-9.447632,2.852702,-2.246532,0.077122,0.148746,0.228311
1765408016.183477,-9.304159,2.954328,-2.514945,0.078038,0.155923,0.231365
1765408016.185537,-9.032759,2.786943,-2.953730,0.076816,0.155923,0.232434
1765408016.188497,-9.139167,3.179101,-2.749880,0.081092,0.145844,0.227853
1765408016.190429,-9.366330,3.201817,-2.470708,0.079260,0.148898,0.235030
1765408016.193498,-9.271878,2.909492,-2.430655,0.077580,0.154702,0.247400
1765408016.194484,-8.855211,2.686513,-2.918460,0.085979,0.156229,0.244346
1765408016.196502,-8.855809,2.717599,-2.817432,0.080940,0.146302,0.239917
1765408016.200484,-9.069821,2.642276,-2.544237,0.077122,0.145539,0.233961
1765408016.203508,-9.244379,2.853897,-2.642276,0.077733,0.148746,0.228158
1765408016.205504,-8.919774,3.096604,-2.853897,0.081551,0.155312,0.234114
1765408016.206480,-8.711143,3.096604,-2.988402,0.081551,0.155160,0.234114
1765408016.210459,-8.999282,2.783357,-2.579507,0.080023,0.144011,0.242055
1765408016.211497,-9.259922,2.570540,-2.571736,0.083230,0.144775,0.237168
1765408016.214445,-9.067430,2.620755,-3.045193,0.085063,0.148593,0.231671
1765408016.218416,-8.706360,2.785150,-3.183883,0.082620,0.153785,0.224951
1765408016.220437,-8.996292,3.271162,-2.612386,0.085216,0.154396,0.223729
1765408016.221843,-9.161882,3.356050,-2.484457,0.090255,0.156076,0.237627
1765408016.225459,-9.006455,3.039215,-2.804878,0.087506,0.148288,0.249386
1765408016.226521,-8.913198,2.869440,-2.783357,0.087965,0.151036,0.246331
1765408016.228471,-9.040529,2.919058,-2.730751,0.087965,0.152869,0.241139
1765408016.233561,-8.957436,2.911884,-2.819225,0.081092,0.151342,0.243430
1765408016.235523,-8.880320,2.978240,-2.826398,0.081092,0.150120,0.235489
1765408016.238536,-9.160687,3.497130,-2.635103,0.084758,0.149662,0.233656
1765408016.240605,-9.049497,3.256217,-2.839550,0.080940,0.153022,0.250913
1765408016.242633,-8.737445,2.725968,-2.988402,0.080023,0.148746,0.255647
1765408016.243529,-9.029769,2.642276,-2.691894,0.082620,0.149204,0.239612
1765408016.248496,-9.233619,2.593854,-2.539454,0.078954,0.151036,0.238085
1765408016.248996,-9.175035,2.841941,-2.789335,0.084910,0.144928,0.224340
1765408016.251498,-9.103896,3.324964,-2.829387,0.088117,0.155007,0.218842
1765408016.255466,-9.121233,3.603539,-2.587278,0.089339,0.155007,0.233045
1765408016.257497,-9.157698,3.220947,-2.651841,0.080329,0.147066,0.244957
1765408016.260494,-8.971185,2.771401,-2.886178,0.081551,0.142790,0.244804
1765408016.263489,-9.079387,2.820421,-2.871831,0.082314,0.141263,0.226631
1765408016.265508,-8.920372,3.064921,-2.868842,0.081703,0.151800,0.225715
1765408016.268452,-8.830702,3.287900,-2.866451,0.080787,0.145539,0.226020
1765408016.270492,-8.830702,3.287900,-2.866451,0.080787,0.144317,0.226020
1765408016.273444,-8.929338,3.517455,-2.774988,0.073304,0.137750,0.240834
1765408016.275444,-9.051888,3.168340,-2.828790,0.074678,0.136987,0.244041
1765408016.278469,-8.850429,2.893352,-2.911286,0.081092,0.142179,0.248164
1765408016.280457,-8.783476,2.791726,-2.980631,0.075747,0.142026,0.238085
1765408016.283521,-8.807985,3.015901,-2.895743,0.076511,0.139125,0.228005
1765408016.285502,-8.822930,3.421807,-2.881994,0.079565,0.145080,0.227547
1765408016.288540,-8.967000,3.555117,-2.719990,0.075442,0.145080,0.237474
1765408016.290452,-8.781682,3.022477,-2.983022,0.072388,0.144317,0.249386
1765408016.293459,-8.689621,2.719392,-3.168938,0.076053,0.140194,0.241597
1765408016.295523,-8.688426,2.702654,-3.302845,0.076664,0.140804,0.231060
1765408016.298540,-8.870156,2.884385,-2.987804,0.072693,0.150578,0.225257
1765408016.300510,-8.823528,3.238283,-2.825203,0.077274,0.150578,0.222660
1765408016.301532,-8.723098,3.528216,-2.855093,0.071013,0.155465,0.227089
1765408016.305436,-8.787661,3.574246,-2.853897,0.069944,0.147982,0.237932
1765408016.308428,-8.816355,2.995576,-2.887972,0.072082,0.140499,0.249386
1765408016.310464,-8.898851,2.743902,-3.059540,0.078802,0.140804,0.246179
1765408016.312444,-8.773314,2.797704,-3.143831,0.082620,0.148135,0.234267
1765408016.314452,-8.938306,2.898134,-2.839550,0.082620,0.150884,0.234267
1765408016.318464,-9.045910,3.289096,-2.491630,0.085827,0.153327,0.226478
1765408016.320478,-8.872548,3.475609,-2.936991,0.079718,0.153327,0.237474
1765408016.323480,-8.872548,3.475609,-2.936991,0.079718,0.144470,0.237474
1765408016.325467,-8.978358,3.161166,-2.845528,0.080787,0.146608,0.250149
1765408016.328463,-9.112864,2.818627,-2.639885,0.081856,0.144164,0.244346
1765408016.329486,-8.872548,2.798900,-3.146819,0.082467,0.144622,0.233351
1765408016.331462,-8.895862,3.321377,-2.874222,0.080329,0.144622,0.224188
1765408016.334586,-8.895862,3.321377,-2.874222,0.080329,0.147066,0.224188
1765408016.338483,-9.131993,3.775107,-2.658417,0.072540,0.149357,0.240986
1765408016.340533,-8.695600,3.206002,-3.131276,0.070555,0.139735,0.252898
1765408016.345195,-8.758965,2.915471,-3.075083,0.073762,0.140804,0.245568
1765408016.345695,-9.042323,2.808465,-2.870636,0.073915,0.136834,0.242514
1765408016.348467,-8.996890,2.641081,-2.929818,0.075900,0.135612,0.237016
1765408016.348967,-8.801410,3.200621,-3.047584,0.085368,0.143401,0.225715
1765408016.353470,-8.749401,3.602941,-2.948350,0.079107,0.148440,0.228005
1765408016.355588,-8.996890,3.660927,-2.705643,0.079107,0.138208,0.243430
1765408016.356473,-8.915589,3.334528,-3.095408,0.076816,0.132252,0.250913
1765408016.360431,-8.836082,3.111549,-3.195839,0.072082,0.134390,0.246331
1765408016.363446,-8.631634,2.974653,-3.255619,0.073762,0.143553,0.244499
1765408016.365502,-8.721902,3.045193,-3.191056,0.080329,0.141415,0.245262
1765408016.368465,-8.721902,3.045193,-3.191056,0.080329,0.141110,0.245262
1765408016.370451,-9.057866,3.518651,-2.685318,0.079871,0.146150,0.243124
1765408016.372521,-8.843853,3.262793,-2.951936,0.079260,0.148288,0.254425
1765408016.375464,-8.725489,3.018292,-3.161166,0.078954,0.144317,0.246790
1765408016.377561,-8.760161,3.021879,-3.041606,0.082772,0.140804,0.246484
1765408016.380442,-8.760161,3.021879,-3.041606,0.082772,0.133779,0.246484
1765408016.383436,-8.977162,3.250837,-3.101387,0.085827,0.138056,0.233045
1765408016.385425,-8.892873,3.433165,-2.930416,0.088728,0.148135,0.238848
1765408016.388411,-8.913198,3.344093,-2.791726,0.089950,0.136376,0.240986
1765408016.390430,-8.874341,3.314203,-2.824007,0.084147,0.136376,0.239765
1765408016.393435,-8.969392,3.405069,-2.974653,0.084452,0.133779,0.237779
1765408016.395488,-9.096126,3.336920,-3.148613,0.086132,0.135765,0.246026
1765408016.398518,-8.828311,3.168340,-3.039215,0.087048,0.135307,0.244957
1765408016.399018,-8.989119,3.493543,-2.818029,0.083994,0.142790,0.234725
1765408016.403476,-8.827115,3.606527,-3.070301,0.082620,0.142790,0.247706
1765408016.405484,-8.765541,3.315399,-3.060736,0.083994,0.135307,0.253204
1765408016.406491,-8.980151,3.385939,-2.902917,0.086743,0.128282,0.246790
1765408016.410506,-9.041127,3.328551,-2.715806,0.078802,0.140499,0.243430
1765408016.412541,-8.803801,3.213175,-3.111549,0.083230,0.140804,0.249233
1765408016.415435,-8.654949,3.115734,-3.234098,0.085521,0.128893,0.247553
1765408016.418456,-8.943088,3.376972,-2.911286,0.085674,0.131336,0.238543
1765408016.420407,-8.828311,3.486370,-3.051171,0.085674,0.137597,0.239612
1765408016.423449,-8.671687,3.411645,-3.127690,0.080940,0.136834,0.243277
1765408016.425446,-8.610711,3.327355,-3.070899,0.076511,0.133321,0.239154
1765408016.428566,-8.694404,3.293878,-3.115136,0.077274,0.129809,0.239001
1765408016.430523,-8.577235,3.376375,-3.256814,0.080329,0.129809,0.235794
1765408016.433525,-8.385939,3.366212,-3.524031,0.072082,0.140499,0.234725
1765408016.435509,-8.510281,3.516857,-3.222740,0.078496,0.137750,0.238085
1765408016.438489,-8.553323,3.404471,-3.036824,0.078496,0.140194,0.240681
1765408016.440508,-8.806191,3.625059,-2.992587,0.082467,0.136528,0.237627
1765408016.441478,-8.668100,3.378766,-3.206599,0.074067,0.142332,0.243583
1765408016.445453,-8.633428,3.222142,-3.163558,0.081703,0.140346,0.246331
1765408016.448561,-8.790649,3.339311,-2.971066,0.085827,0.138514,0.237779
1765408016.453263,-8.816355,3.385939,-2.936393,0.083078,0.140041,0.243735
1765408016.453763,-8.694404,3.350071,-3.197632,0.083230,0.136223,0.240070
1765408016.455526,-8.889884,3.428981,-3.061932,0.086590,0.140194,0.238543
1765408016.457505,-8.938306,3.369201,-2.719990,0.082467,0.139888,0.241750
1765408016.460481,-8.822333,3.421807,-3.017694,0.083230,0.139888,0.237321
1765408016.461483,-8.622667,3.395504,-3.293878,0.082925,0.135459,0.240528
1765408016.465502,-8.548540,3.368603,-3.478001,0.081856,0.133321,0.238085
1765408016.468465,-8.548540,3.368603,-3.478001,0.081856,0.134543,0.238085
1765408016.470466,-9.027975,3.289096,-2.680535,0.082161,0.144775,0.243430
1765408016.473528,-8.912601,3.234098,-2.844930,0.087659,0.144775,0.241903
1765408016.475449,-8.655546,3.242467,-3.214968,0.082925,0.132710,0.235336
1765408016.478415,-8.752988,3.492347,-3.192252,0.084452,0.128893,0.226326
1765408016.480477,-8.767335,3.751793,-3.250837,0.084147,0.134085,0.233656
1765408016.483449,-8.705164,3.675275,-3.179698,0.089339,0.137597,0.245721
1765408016.485512,-8.625059,3.506097,-3.143233,0.087506,0.139125,0.251371
1765408016.487529,-8.718315,3.346484,-2.854495,0.082314,0.132252,0.244499
1765408016.490502,-8.993303,3.427785,-2.767814,0.083841,0.130725,0.240681
1765408016.493454,-8.620276,3.396102,-3.253228,0.086132,0.130725,0.243277
1765408016.493954,-8.620276,3.396102,-3.253228,0.086132,0.128893,0.243277
1765408016.498439,-8.579028,3.512673,-3.318388,0.085521,0.129809,0.241903
1765408016.500447,-8.868961,3.564682,-3.164156,0.085979,0.134696,0.249997
1765408016.501415,-8.708751,3.134265,-3.200621,0.084910,0.140957,0.253204
1765408016.505489,-8.677665,2.898134,-3.145026,0.083230,0.140957,0.241597
1765408016.508480,-8.535986,3.131276,-3.219153,0.087506,0.138666,0.232740
1765408016.510434,-8.695600,3.482783,-3.046389,0.087965,0.134085,0.224646
1765408016.513421,-8.694404,3.706360,-3.205404,0.092546,0.132100,0.231518
1765408016.515467,-8.405666,3.738642,-3.383548,0.090408,0.137903,0.241750
1765408016.518451,-8.478000,3.455284,-3.296867,0.085979,0.137903,0.244041
1765408016.520100,-8.592777,3.455284,-3.329746,0.085979,0.136223,0.244041
1765408016.523480,-8.780487,3.070301,-3.181492,0.094990,0.137445,0.236099
1765408016.525530,-8.818149,3.393711,-3.194643,0.092088,0.137445,0.224035
1765408016.526538,-8.738043,3.836681,-3.181492,0.089492,0.136223,0.224951
1765408016.530476,-8.752988,3.974174,-3.012912,0.091783,0.136528,0.234725
1765408016.532565,-8.562888,3.853419,-3.324964,0.086590,0.139125,0.244652
1765408016.535506,-8.676469,3.650167,-3.231109,0.085979,0.133474,0.246331
1765408016.538548,-8.644188,3.380559,-3.326159,0.085368,0.133321,0.244804
1765408016.540469,-8.644188,3.380559,-3.326159,0.085368,0.125838,0.244804
1765408016.543535,-8.631037,3.535389,-3.311812,0.087048,0.137903,0.236558
1765408016.545540,-8.658535,3.864179,-3.150406,0.088881,0.132405,0.232129
1765408016.547562,-8.917980,4.002869,-3.041009,0.085979,0.130420,0.238390
1765408016.550461,-8.789454,3.792444,-3.232305,0.084605,0.129198,0.249386
1765408016.551451,-8.789454,3.792444,-3.232305,0.084605,0.131031,0.249386
1765408016.555474,-8.595168,3.333333,-3.384744,0.086285,0.125075,0.239306
1765408016.557428,-8.581420,3.197034,-3.231707,0.082314,0.125075,0.234114
1765408016.559561,-8.700381,3.504304,-3.177905,0.083689,0.124464,0.226173
1765408016.561498,-8.634026,3.830703,-3.192252,0.081398,0.127824,0.224493
1765408016.565507,-8.553323,3.947273,-3.316595,0.083689,0.127671,0.234114
1765408016.568897,-8.772715,3.779292,-3.098995,0.086437,0.121257,0.240681
1765408016.570505,-8.624461,3.519846,-3.187470,0.083841,0.119424,0.242208
1765408016.573469,-8.496531,3.399689,-3.472022,0.085674,0.121562,0.237474
1765408016.575438,-8.487565,3.367408,-3.544356,0.083994,0.121562,0.234572
1765408016.578462,-8.601745,3.625059,-3.269368,0.086285,0.123242,0.229838
1765408016.580525,-8.690817,3.940698,-3.083452,0.089186,0.127976,0.228616
1765408016.581482,-8.509684,4.034552,-3.223935,0.086590,0.129045,0.236099
1765408016.585444,-8.464849,3.813964,-3.362027,0.080329,0.125075,0.242972
1765408016.586447,-8.427187,3.464251,-3.510282,0.079412,0.123700,0.244346
1765408016.590446,-8.427785,3.473218,-3.538976,0.083383,0.121562,0.237627
1765408016.593445,-8.392514,3.482783,-3.509684,0.078954,0.129656,0.231823
1765408016.595493,-8.417024,3.776901,-3.279531,0.080787,0.126907,0.230449
1765408016.598479,-8.579626,4.043519,-3.210186,0.080787,0.130267,0.230449
1765408016.600461,-8.711740,4.000478,-3.137254,0.078343,0.132863,0.244346
1765408016.603447,-8.472022,3.531205,-3.427785,0.077733,0.129809,0.248775
1765408016.605434,-8.579028,3.349473,-3.328551,0.080940,0.125533,0.240834
1765408016.607494,-8.597560,3.253228,-3.247250,0.081551,0.130725,0.233503
1765408016.610422,-8.656144,3.634624,-3.335724,0.082925,0.131489,0.230602
1765408016.613451,-8.646580,3.923362,-3.421807,0.088728,0.129503,0.232434
1765408016.615427,-8.804399,4.143950,-2.992587,0.084910,0.135459,0.235183
1765408016.618439,-8.794834,3.982544,-3.130679,0.085827,0.135459,0.245873
1765408016.620413,-8.620276,3.597560,-3.369201,0.086285,0.128740,0.251829
1765408016.621499,-8.708751,3.490555,-3.274749,0.081856,0.124464,0.239765
1765408016.625469,-8.816355,3.552128,-3.112147,0.079412,0.122326,0.236252
1765408016.628481,-8.774508,3.602941,-3.198230,0.083841,0.118661,0.236252
1765408016.630505,-8.385939,3.907221,-3.494739,0.083689,0.123242,0.232434
1765408016.631506,-8.344092,3.980153,-3.313008,0.077733,0.120646,0.238696
1765408016.635494,-8.445121,3.702774,-3.238881,0.079565,0.120493,0.245415
1765408016.637456,-8.481586,3.403873,-3.524629,0.083078,0.114690,0.243888
1765408016.640446,-8.428382,3.528814,-3.609516,0.083078,0.116675,0.243888
1765408016.643538,-8.278335,3.663319,-3.651363,0.083536,0.126755,0.232282
1765408016.645481,-8.187469,3.747010,-3.652558,0.082925,0.119271,0.232587
1765408016.648476,-8.329147,3.836083,-3.499521,0.079565,0.128282,0.228311
1765408016.649535,-8.310616,3.982544,-3.491750,0.085521,0.128740,0.235336
1765408016.653527,-8.424197,3.611310,-3.289694,0.080940,0.128587,0.241597
1765408016.655489,-8.492945,3.463653,-3.211382,0.080634,0.122478,0.236252
1765408016.658489,-8.583810,3.499521,-3.380559,0.077733,0.128893,0.233198
1765408016.660524,-8.482782,3.660927,-3.519846,0.089186,0.122937,0.232434
1765408016.663483,-8.311213,3.806193,-3.597560,0.085216,0.125991,0.230449
1765408016.663983,-8.452294,3.999282,-3.363223,0.082925,0.124158,0.236710
1765408016.668489,-8.528215,3.946676,-3.383548,0.080787,0.126449,0.240834
1765408016.668989,-8.592777,3.894069,-3.302247,0.082161,0.125991,0.243124
1765408016.673482,-8.355451,3.652558,-3.617288,0.083383,0.128129,0.242666
1765408016.675480,-8.596364,3.617288,-3.310019,0.082620,0.127518,0.239612
1765408016.676489,-8.621472,3.607125,-3.217360,0.086896,0.127518,0.241444
1765408016.680473,-8.654949,3.750000,-3.278335,0.089950,0.131183,0.238696
1765408016.682484,-8.438545,3.834887,-3.448111,0.090713,0.124311,0.240375
1765408016.685416,-8.546149,3.770922,-3.358441,0.083536,0.123853,0.241139
1765408016.688409,-8.686632,3.700382,-3.301052,0.084605,0.124158,0.240375
1765408016.689458,-8.501314,3.729077,-3.627450,0.088575,0.124158,0.238237
1765408016.693508,-8.501314,3.729077,-3.627450,0.088575,0.123089,0.238237
1765408016.694008,-8.601147,3.835485,-3.483979,0.082925,0.128282,0.228616
1765408016.698433,-8.763748,3.912003,-3.145026,0.086896,0.125838,0.231976
1765408016.700463,-8.512672,3.888091,-3.224533,0.079412,0.126296,0.233503
1765408016.703427,-8.436751,4.041128,-3.365614,0.083841,0.125075,0.231212
1765408016.703927,-8.436751,4.041128,-3.365614,0.083841,0.122020,0.231212
1765408016.708403,-8.423600,3.806791,-3.478001,0.082772,0.117897,0.235489
1765408016.710495,-8.565877,3.935318,-3.382353,0.080787,0.117897,0.230907
1765408016.713454,-8.500118,4.076996,-3.499521,0.084910,0.125991,0.240070
1765408016.713954,-8.158774,3.817551,-3.741033,0.087812,0.123700,0.246637
1765408016.717566,-8.358440,3.681850,-3.437350,0.087506,0.117897,0.246942
1765408016.720478,-8.593375,3.697991,-3.203013,0.086132,0.118355,0.239001
1765408016.723444,-8.405666,3.626853,-3.530607,0.085521,0.118355,0.237627
1765408016.725417,-8.280725,3.819942,-3.585007,0.084605,0.118966,0.228616
1765408016.726460,-8.363222,3.942491,-3.433763,0.080481,0.121715,0.231060
1765408016.730547,-8.312409,3.845050,-3.446915,0.085368,0.109650,0.239001
1765408016.731552,-8.014107,3.831300,-3.906025,0.086132,0.117133,0.235794
1765408016.735513,-7.984217,3.758966,-4.071018,0.081092,0.117133,0.235489
1765408016.736575,-8.168340,3.676470,-3.749402,0.087659,0.120951,0.233503
1765408016.740508,-8.397895,3.811573,-3.409253,0.086285,0.127518,0.230754
1765408016.742531,-8.415829,4.051888,-3.322572,0.080176,0.127518,0.226173
1765408016.745460,-8.177904,4.314322,-3.757771,0.078496,0.134238,0.228769
1765408016.748493,-8.142634,4.290411,-3.715327,0.084758,0.119424,0.239917
1765408016.750493,-8.445121,4.057866,-3.388330,0.084452,0.114537,0.245568
1765408016.753428,-8.556910,3.730272,-3.318985,0.081551,0.125075,0.242666
1765408016.755424,-8.449306,3.876136,-3.516857,0.082467,0.130572,0.236863
1765408016.758425,-8.483978,3.946676,-3.434959,0.083383,0.123089,0.235947
1765408016.760416,-8.511477,3.884504,-3.243663,0.080329,0.118813,0.238085
1765408016.761426,-8.488760,4.030368,-3.385341,0.080940,0.118355,0.235489
1765408016.765441,-8.159970,4.105690,-4.023792,0.081551,0.128740,0.242666
1765408016.768420,-8.212577,3.819942,-3.866570,0.082161,0.114079,0.249691
1765408016.770442,-8.776899,3.632831,-3.131276,0.076664,0.117897,0.237016
1765408016.773409,-8.933523,3.553324,-2.979435,0.079107,0.130878,0.229991
1765408016.775409,-8.388330,3.696795,-3.636418,0.079565,0.128740,0.224646
1765408016.778420,-8.303443,4.031563,-3.790052,0.080634,0.112552,0.219148
1765408016.780411,-8.435556,4.162481,-3.409851,0.083230,0.120188,0.230602
1765408016.783412,-8.415829,4.114060,-3.346484,0.088728,0.120951,0.233961
1765408016.783912,-8.220348,3.929937,-3.742228,0.082620,0.124311,0.240070
1765408016.788462,-8.298659,3.604734,-3.497130,0.080940,0.114843,0.231518
1765408016.790443,-8.457674,3.668101,-3.469631,0.087201,0.114537,0.224646
1765408016.793562,-8.279531,3.790052,-3.582017,0.085827,0.114537,0.223882
1765408016.795467,-8.206598,4.197752,-3.760162,0.085521,0.120035,0.218842
1765408016.798489,-8.311811,4.409373,-3.552128,0.082620,0.121868,0.226173
1765408016.800507,-8.234097,4.184600,-3.602343,0.082314,0.114079,0.240986
1765408016.802465,-8.234097,4.184600,-3.602343,0.082314,0.111330,0.240986
1765408016.805457,-8.197034,3.800812,-3.761358,0.076816,0.121409,0.236252
1765408016.808412,-8.177306,3.729077,-3.648971,0.079871,0.121868,0.236252
1765408016.810478,-8.191654,3.777498,-3.604734,0.086132,0.115148,0.228922
1765408016.813431,-8.279531,4.034552,-3.610712,0.079412,0.119119,0.223271
1765408016.815453,-8.170731,4.263510,-3.710545,0.081551,0.125380,0.229838
1765408016.818442,-8.203012,4.069822,-3.833094,0.082925,0.119882,0.241597
1765408016.820474,-8.379961,3.804399,-3.507293,0.085368,0.109956,0.240986
1765408016.823447,-8.423002,3.714729,-3.584409,0.081092,0.122631,0.232892
1765408016.825488,-8.370396,3.762553,-3.668699,0.083994,0.121562,0.228311
1765408016.827503,-8.121711,3.858202,-3.918579,0.082925,0.120799,0.224035
1765408016.830515,-8.463055,4.200741,-3.302845,0.084299,0.113316,0.219606
1765408016.833578,-8.409253,4.332855,-3.472022,0.080787,0.124922,0.225715
1765408016.835509,-8.209588,4.308943,-3.718914,0.080634,0.118202,0.236405
1765408016.838497,-8.348875,4.055475,-3.570062,0.078191,0.112705,0.235336
1765408016.840506,-8.537780,4.001076,-3.432568,0.086743,0.109498,0.237932
1765408016.843497,-8.277140,3.674677,-3.610114,0.084605,0.111941,0.237932
1765408016.844528,-8.146221,3.923959,-3.913199,0.085063,0.106138,0.224493
1765408016.853464,-8.328549,4.240196,-3.870755,0.077427,0.108123,0.219606
1765408016.853797,-8.483380,4.368722,-3.523433,0.084147,0.108123,0.229838
1765408016.854131,-8.222141,4.298182,-3.916786,0.087048,0.116370,0.240528
1765408016.855533,-8.376373,4.139167,-3.397895,0.080940,0.111177,0.240986
1765408016.858449,-8.424796,4.016618,-3.394309,0.080023,0.116370,0.236252
1765408016.860426,-8.307029,3.860593,-3.742228,0.092241,0.103236,0.243888
1765408016.863439,-7.957913,3.739239,-4.047106,0.084605,0.104000,0.235336
1765408016.865483,-7.957913,3.739239,-4.047106,0.084605,0.103389,0.235336
1765408016.868544,-8.453490,4.416546,-3.332137,0.080023,0.107970,0.229074
1765408016.869044,-8.200621,4.322692,-3.632233,0.082620,0.107970,0.241597
1765408016.873448,-8.009325,4.103299,-3.884504,0.076511,0.101098,0.240834
1765408016.875500,-8.270563,3.967001,-3.615495,0.076969,0.099724,0.233351
1765408016.878546,-8.203012,3.729077,-3.853419,0.081856,0.101556,0.239612
1765408016.880501,-8.034432,3.644189,-4.014825,0.086590,0.102778,0.232129
1765408016.883503,-7.977044,4.033954,-3.820540,0.084758,0.102778,0.222202
1765408016.885504,-8.311811,4.403395,-3.360832,0.087354,0.110872,0.223119
1765408016.888437,-8.103777,4.507412,-3.708751,0.085368,0.106291,0.235336
1765408016.890486,-7.922046,4.476326,-4.062649,0.082009,0.094837,0.237474
1765408016.893504,-7.921448,4.275465,-4.040530,0.083841,0.103847,0.241139
1765408016.895445,-8.090626,3.886896,-3.833094,0.083994,0.103847,0.247400
1765408016.898435,-8.159970,3.803204,-3.666905,0.082467,0.112399,0.236863
1765408016.900470,-8.022476,4.096126,-3.843854,0.081703,0.112705,0.230296
1765408016.903491,-8.073887,4.238402,-3.638211,0.081551,0.108734,0.230602
1765408016.903991,-8.125298,4.457197,-3.524031,0.083078,0.106291,0.232282
1765408016.908549,-8.235891,4.548063,-3.394309,0.080481,0.105222,0.236558
1765408016.909049,-8.263988,4.207316,-3.433763,0.072235,0.105680,0.239459
1765408016.912548,-8.027856,3.914395,-3.976566,0.078802,0.095295,0.240375
1765408016.913513,-7.782161,3.947273,-4.426111,0.079412,0.095295,0.230296
1765408016.916535,-7.782161,3.947273,-4.426111,0.079412,0.102931,0.230296
1765408016.920513,-8.192252,4.351985,-3.723099,0.078191,0.109345,0.224035
1765408016.921508,-8.330343,4.303562,-3.467240,0.078191,0.116370,0.224035
1765408016.925442,-8.174317,4.281444,-3.487565,0.078496,0.109192,0.225562
1765408016.927433,-8.222141,4.277259,-3.622070,0.075136,0.109192,0.225562
1765408016.930510,-8.222141,4.277259,-3.622070,0.075136,0.097738,0.225562
1765408016.931470,-8.149808,4.030966,-3.787661,0.079718,0.094226,0.226478
1765408016.935524,-7.941175,4.088952,-4.057866,0.076511,0.105680,0.223729
1765408016.937539,-7.931611,4.295791,-3.865375,0.079718,0.100029,0.218384
1765408016.940522,-7.969272,4.499043,-3.769129,0.079871,0.104153,0.228769
1765408016.943476,-7.959109,4.357364,-3.731467,0.079565,0.095448,0.234572
1765408016.945487,-7.922046,4.184002,-3.931731,0.079871,0.098349,0.241597
1765408016.946468,-7.859875,3.915590,-3.993304,0.077885,0.098349,0.235641
1765408016.950447,-8.109755,4.001673,-3.731467,0.080176,0.104000,0.233351
1765408016.953502,-7.980630,3.849832,-3.871353,0.082314,0.100640,0.232892
1765408016.955495,-8.073887,3.992706,-3.904830,0.082009,0.102014,0.225104
1765408016.958484,-8.114537,4.154710,-3.898852,0.082620,0.099418,0.223119
1765408016.960474,-8.108559,4.424916,-3.701578,0.080787,0.100182,0.224340
1765408016.961513,-7.859875,4.360353,-4.000478,0.079107,0.104763,0.228158
1765408016.965479,-7.923242,4.221664,-3.909612,0.080787,0.102931,0.232282
1765408016.968440,-7.963294,3.868962,-3.945480,0.082925,0.104458,0.233656
1765408016.969468,-8.112146,3.995695,-3.804399,0.088270,0.101556,0.222355
1765408016.973420,-8.051171,4.160688,-3.738642,0.081856,0.110414,0.219606
1765408016.975466,-8.051171,4.160688,-3.738642,0.081856,0.106291,0.219606
1765408016.978435,-8.137254,4.322094,-3.786465,0.072846,0.098502,0.225257
1765408016.980537,-8.312409,4.460784,-3.540770,0.075747,0.101404,0.223729
1765408016.983462,-8.038617,4.392634,-3.969392,0.076053,0.110108,0.231212
1765408016.985468,-8.055953,4.175035,-3.902439,0.075747,0.103084,0.232740
1765408016.986490,-8.098995,3.933524,-3.964610,0.081703,0.103236,0.232740
1765408016.990456,-8.153394,4.017216,-3.676470,0.083841,0.101556,0.224188
1765408016.993495,-8.052964,4.261118,-3.657938,0.080787,0.108276,0.217010
1765408016.995453,-7.898134,4.592300,-4.002869,0.081398,0.089186,0.221286
1765408016.998427,-7.977044,4.445241,-4.077594,0.081856,0.089186,0.228922
1765408017.000452,-8.106169,4.391439,-3.962219,0.086590,0.098655,0.230754
1765408017.003455,-8.104973,4.277857,-3.806193,0.087812,0.101709,0.232129
1765408017.005414,-8.159970,4.189981,-3.648373,0.080787,0.107207,0.228769
1765408017.008489,-8.259205,4.222859,-3.664514,0.083230,0.100945,0.223119
1765408017.010435,-8.267574,4.335246,-3.726088,0.083383,0.100945,0.225562
1765408017.013437,-8.087039,4.279052,-4.000478,0.080176,0.093004,0.224951
1765408017.015463,-8.173121,4.493663,-3.627450,0.078649,0.097128,0.223424
1765408017.018486,-8.263390,4.295193,-3.744619,0.081398,0.091630,0.228005
1765408017.020465,-7.992586,4.103897,-4.059660,0.081856,0.093921,0.229074
1765408017.023501,-7.812648,4.117647,-4.218077,0.084758,0.093462,0.218995
1765408017.025480,-8.052366,4.492467,-3.719512,0.083230,0.100640,0.215177
1765408017.026533,-8.229913,4.382472,-3.625059,0.080787,0.093462,0.222966
1765408017.031814,-8.211381,4.397417,-3.696198,0.080481,0.088728,0.224188
1765408017.032778,-7.929220,4.458393,-3.962219,0.082925,0.093921,0.224798
1765408017.033625,-7.786345,4.382472,-3.947273,0.082467,0.095142,0.228769
1765408017.037578,-7.822811,4.262314,-3.845050,0.082314,0.091172,0.225409
1765408017.040504,-8.026063,4.327475,-3.721903,0.080176,0.094073,0.220064
1765408017.043518,-7.697273,4.192371,-4.159493,0.080481,0.095295,0.225715
1765408017.044018,-7.680534,4.526542,-4.161884,0.081398,0.088117,0.221897
1765408017.048566,-7.712218,4.496652,-4.115255,0.077274,0.093768,0.226936
1765408017.050576,-7.818028,4.332855,-3.975370,0.082314,0.090408,0.233351
1765408017.053514,-7.719989,3.910210,-4.233620,0.082620,0.096517,0.233351
1765408017.055443,-7.953131,4.081779,-3.953849,0.085063,0.096517,0.220522
1765408017.058417,-7.981228,4.053682,-3.773314,0.082314,0.104611,0.214719
1765408017.060414,-7.978240,4.344213,-3.845050,0.080940,0.099724,0.211207
1765408017.062589,-7.959707,4.381276,-3.949067,0.084452,0.099418,0.213650
1765408017.065465,-7.804877,4.561214,-4.037541,0.086132,0.101251,0.217010
1765408017.068516,-8.021280,4.613821,-3.806791,0.082620,0.101251,0.216552
1765408017.069486,-7.954925,4.488282,-3.852223,0.082925,0.104000,0.226326
1765408017.071487,-7.838354,3.980153,-3.937111,0.081551,0.100487,0.224646
1765408017.075508,-7.675155,4.068627,-4.080583,0.082314,0.098960,0.213956
1765408017.078469,-7.814442,4.296987,-4.069225,0.078649,0.099876,0.203113
1765408017.080457,-7.821017,4.623385,-4.016020,0.083383,0.099113,0.206931
1765408017.083463,-7.784552,4.846365,-4.153514,0.083536,0.104763,0.210138
1765408017.085480,-7.870636,4.779411,-3.969392,0.079260,0.101556,0.220980
1765408017.088532,-7.943566,4.546269,-3.811573,0.076664,0.103847,0.222813
1765408017.089032,-7.943566,4.546269,-3.811573,0.076664,0.094226,0.222813
1765408017.093418,-7.900525,4.322692,-3.981946,0.072846,0.098044,0.223271
1765408017.095435,-7.978240,4.359158,-3.962816,0.076358,0.094073,0.216857
1765408017.098432,-7.976446,4.301171,-3.821138,0.076664,0.094226,0.214261
1765408017.100441,-7.766618,4.458990,-4.118842,0.078343,0.094226,0.209679
1765408017.103507,-7.766618,4.458990,-4.118842,0.078343,0.092546,0.209679
1765408017.105642,-7.715207,4.617407,-4.160688,0.074067,0.092852,0.216857
1765408017.108462,-7.945360,4.507412,-3.951458,0.079718,0.090408,0.222813
1765408017.110566,-7.699067,4.110473,-4.126614,0.076969,0.091935,0.222508
1765408017.113536,-7.837159,4.257532,-3.956240,0.077733,0.091935,0.209985
1765408017.115428,-7.644069,4.299378,-4.181014,0.080329,0.100640,0.210901
1765408017.116525,-7.822811,4.371114,-4.162481,0.078343,0.086285,0.210596
1765408017.120515,-7.950740,4.344810,-3.823529,0.075747,0.092088,0.205862
1765408017.123540,-7.746293,4.516977,-4.158895,0.077733,0.093615,0.204029
1765408017.124496,-7.639884,4.639526,-4.160688,0.076053,0.093615,0.208305
1765408017.127524,-7.595049,4.629364,-4.175035,0.075595,0.088728,0.210901
1765408017.130558,-7.865852,4.483500,-3.967001,0.074831,0.094531,0.214414
1765408017.133504,-7.614777,4.200741,-4.203132,0.077427,0.094531,0.216094
1765408017.134004,-7.672166,4.270683,-4.130798,0.077427,0.092699,0.216094
1765408017.137519,-7.780965,4.373505,-3.969392,0.082925,0.094684,0.207236
1765408017.140455,-7.895144,4.446436,-3.837278,0.078649,0.089034,0.202655
1765408017.141515,-7.815638,4.702295,-3.969392,0.076664,0.096211,0.206931
1765408017.145496,-7.725967,4.713653,-4.244380,0.077733,0.091172,0.211512
1765408017.146521,-7.725967,4.713653,-4.244380,0.077733,0.087201,0.211512
1765408017.153234,-7.896938,4.622190,-3.873146,0.078343,0.095295,0.218537
1765408017.153734,-7.701458,4.201339,-4.241989,0.077885,0.093310,0.222050
1765408017.153497,-7.718794,4.119440,-4.252151,0.079565,0.089186,0.212734
1765408017.158531,-7.858679,4.416546,-3.845050,0.080023,0.095600,0.199447
1765408017.160525,-7.858679,4.416546,-3.845050,0.080023,0.095906,0.199447
1765408017.163466,-7.612385,4.711860,-4.239000,0.075136,0.087506,0.208152
1765408017.165415,-7.765422,4.765064,-4.243185,0.079260,0.085368,0.212581
1765408017.166498,-7.979434,4.487087,-4.031563,0.075289,0.087354,0.224951
1765408017.170467,-8.027856,4.314920,-3.988522,0.078038,0.091783,0.218537
1765408017.173446,-8.040410,4.218675,-3.711143,0.072693,0.094684,0.211818
1765408017.173946,-7.948349,4.288020,-4.001076,0.074526,0.089797,0.207541
1765408017.178420,-7.890961,4.509803,-4.134385,0.078649,0.079412,0.204182
1765408017.180418,-7.871830,4.791965,-4.118842,0.077733,0.086743,0.199753
1765408017.182571,-7.916666,4.952773,-4.047106,0.078954,0.086743,0.209374
1765408017.185545,-7.728359,4.684361,-4.342419,0.081856,0.085368,0.221744
1765408017.187521,-7.764226,4.427307,-4.204926,0.083383,0.081245,0.223729
1765408017.190500,-7.748684,4.239598,-3.999282,0.079565,0.085674,0.217621
1765408017.193446,-7.784552,4.268292,-4.037541,0.082161,0.082314,0.210138
1765408017.195448,-7.719989,4.475131,-4.252749,0.082009,0.080634,0.207236
1765408017.196471,-7.705044,4.732185,-4.307747,0.083230,0.076511,0.205709
1765408017.200485,-7.680534,4.710664,-4.136776,0.078038,0.078649,0.212734
1765408017.202488,-7.525704,4.702295,-4.233620,0.077274,0.084452,0.212734
1765408017.205476,-7.467718,4.738761,-4.196556,0.074373,0.081551,0.217163
1765408017.208464,-7.798900,4.563605,-3.926350,0.074373,0.077580,0.219301
1765408017.210474,-7.898731,4.403395,-3.999880,0.076205,0.074067,0.213956
1765408017.212520,-7.668579,4.209708,-4.182209,0.075900,0.083536,0.211818
1765408017.213471,-7.489836,4.367527,-4.277857,0.075289,0.083078,0.204640
1765408017.218420,-7.635101,4.729196,-4.068627,0.079565,0.080329,0.204182
1765408017.220478,-7.635101,4.598876,-4.277857,0.075442,0.074220,0.209374
1765408017.221482,-7.758847,4.571975,-4.075801,0.077274,0.078496,0.205251
1765408017.225460,-7.712816,4.632950,-4.020803,0.071471,0.088728,0.204029
1765408017.228493,-7.773193,4.635342,-3.811573,0.079260,0.083841,0.207083
1765408017.228993,-7.582496,4.368722,-4.264706,0.074984,0.082620,0.208458
1765408017.232529,-7.565159,4.403395,-4.331061,0.078191,0.076358,0.203724
1765408017.233502,-7.608799,4.332855,-4.176829,0.077274,0.086132,0.203876
1765408017.237545,-7.586680,4.542085,-4.185796,0.083689,0.078343,0.199600
1765408017.240450,-7.832376,4.805117,-3.775705,0.080634,0.078343,0.196240
1765408017.243470,-7.645862,4.887613,-4.194165,0.076664,0.087201,0.205251
1765408017.245444,-7.402558,4.826040,-4.412960,0.079107,0.077733,0.210596
1765408017.248556,-7.501194,4.698708,-4.198349,0.079107,0.080176,0.210596
1765408017.250464,-7.703251,4.750717,-4.068627,0.072998,0.080329,0.211818
1765408017.251485,-7.746891,4.384265,-4.159493,0.070860,0.085827,0.214414
1765408017.255433,-7.574126,4.381874,-4.478718,0.075136,0.087201,0.205403
1765408017.257680,-7.774987,4.505619,-3.942491,0.076816,0.087812,0.201127
1765408017.261172,-7.827593,4.692132,-3.739837,0.075595,0.089339,0.199753
1765408017.263457,-7.663198,4.799139,-4.021998,0.071166,0.080787,0.200822
1765408017.265501,-7.601625,4.830224,-4.406982,0.070402,0.079718,0.201127
1765408017.268439,-7.554399,4.869679,-4.350789,0.073304,0.079260,0.205709
1765408017.270500,-7.653036,4.632950,-4.173840,0.073762,0.082772,0.210901
1765408017.273466,-7.598038,4.470349,-4.181611,0.070860,0.082772,0.203113
1765408017.275497,-7.650644,4.369320,-4.091343,0.067653,0.083841,0.197920
1765408017.277546,-7.553203,4.565997,-4.361549,0.074067,0.076511,0.194561
1765408017.278487,-7.483261,4.606049,-4.399808,0.071471,0.076511,0.197157
1765408017.282564,-7.583691,4.684958,-4.136776,0.073457,0.087048,0.198378
1765408017.285487,-7.552605,4.612625,-4.093735,0.071777,0.087048,0.201586
1765408017.288510,-7.335604,4.485892,-4.515781,0.069028,0.083689,0.199142
1765408017.289490,-7.412721,4.569583,-4.379483,0.071777,0.081703,0.199753
1765408017.293456,-7.667383,4.727402,-3.940698,0.068875,0.079718,0.197157
1765408017.295489,-7.703251,4.588115,-4.100908,0.067042,0.078343,0.204334
1765408017.296493,-7.449784,4.436872,-4.424916,0.070097,0.080481,0.200975
1765408017.298458,-7.449784,4.436872,-4.424916,0.070097,0.080787,0.200975
1765408017.302516,-7.709229,4.788378,-4.042324,0.077733,0.079412,0.203418
1765408017.305466,-7.618364,4.728598,-4.214490,0.076358,0.079412,0.203113
1765408017.308528,-7.714011,4.677187,-3.945480,0.072998,0.076053,0.205556
1765408017.309028,-7.552605,4.530128,-4.227044,0.072693,0.083994,0.204793
1765408017.313512,-7.537661,4.606049,-4.308943,0.076969,0.078191,0.204182
1765408017.314484,-7.453969,4.534911,-4.392036,0.076358,0.082467,0.201586
1765408017.316447,-7.656623,4.558823,-4.194165,0.079260,0.082467,0.201280
1765408017.320457,-7.759445,4.459588,-4.094332,0.082925,0.078649,0.198989
1765408017.322514,-7.770204,4.726207,-4.085963,0.082161,0.080329,0.192423
1765408017.323460,-7.618364,5.070539,-4.143950,0.078038,0.083536,0.192881
1765408017.327517,-7.353538,4.852343,-4.454805,0.071166,0.080481,0.201433
1765408017.330501,-7.333810,4.619799,-4.420134,0.068111,0.075595,0.198226
1765408017.331460,-7.526302,4.748923,-4.166666,0.073151,0.082009,0.197768
1765408017.335491,-7.567551,4.675992,-4.245576,0.072846,0.080023,0.195019
1765408017.336536,-7.730152,4.788976,-4.169057,0.072082,0.080023,0.193186
1765408017.340509,-7.705643,4.691535,-4.063845,0.067806,0.087506,0.188910
1765408017.342518,-7.385221,4.874462,-4.319703,0.070250,0.087506,0.191659
1765408017.345483,-7.307508,4.884026,-4.524151,0.070250,0.079260,0.191659
1765408017.347573,-7.537063,5.002988,-4.345408,0.069333,0.073915,0.198684
1765408017.351179,-7.724771,4.748923,-4.117049,0.068570,0.076969,0.203265
1765408017.353477,-7.724771,4.748923,-4.117049,0.068570,0.080787,0.203265
1765408017.355474,-7.709229,4.488282,-4.020803,0.072082,0.083689,0.194713
1765408017.358463,-7.728359,4.719033,-4.029172,0.073609,0.082620,0.189216
1765408017.360409,-7.495217,4.744141,-4.381874,0.069944,0.075595,0.189826
1765408017.363424,-7.496412,4.806312,-4.433285,0.070860,0.069486,0.191048
1765408017.364466,-7.757053,4.839789,-4.027977,0.072235,0.072082,0.193186
1765408017.368482,-7.755857,4.975490,-4.035150,0.074984,0.076358,0.197920
1765408017.370412,-7.560975,4.818268,-4.265901,0.067653,0.072540,0.204182
1765408017.373476,-7.311094,4.515781,-4.629961,0.064752,0.068875,0.198378
1765408017.375438,-7.551410,4.623385,-4.192371,0.065210,0.071013,0.189979
1765408017.376447,-7.605212,4.557029,-4.124820,0.065973,0.074067,0.190895
1765408017.380417,-7.351744,4.584528,-4.472142,0.065515,0.068111,0.185703
1765408017.383487,-7.540649,4.733381,-4.301769,0.064752,0.072540,0.180663
1765408017.383987,-7.438426,4.765064,-4.401003,0.069180,0.074526,0.186619
1765408017.388460,-7.311094,4.797943,-4.522955,0.072540,0.065821,0.189368
1765408017.388960,-7.441415,4.854734,-4.320899,0.067195,0.072082,0.186925
1765408017.391503,-7.372070,4.765064,-4.386059,0.063835,0.073915,0.191812
1765408017.395445,-7.364896,4.533715,-4.567192,0.069028,0.068875,0.193644
1765408017.398468,-7.210663,4.528933,-4.470349,0.067653,0.078343,0.189826
1765408017.400416,-7.378047,4.807508,-4.240793,0.072540,0.078343,0.183718
1765408017.403433,-7.394786,4.663438,-4.243185,0.067653,0.077733,0.190590
1765408017.405452,-7.394786,4.659851,-4.202534,0.067959,0.071319,0.184176
1765408017.408410,-7.654829,4.947393,-4.061453,0.067959,0.071319,0.185245
1765408017.410446,-7.601625,4.895982,-4.061453,0.066890,0.075289,0.189368
1765408017.413478,-7.203490,4.921090,-4.702295,0.071929,0.074984,0.195171
1765408017.415450,-7.272237,4.730392,-4.569583,0.067959,0.072388,0.196088
1765408017.418448,-7.472500,4.674796,-4.316116,0.064446,0.071929,0.194255
1765408017.420432,-7.636297,4.613821,-4.094930,0.064904,0.072235,0.191812
1765408017.423498,-7.601625,4.707077,-4.130798,0.065515,0.076053,0.183565
1765408017.425502,-7.422285,4.903155,-4.291008,0.063225,0.076969,0.183260
1765408017.428446,-7.214251,4.887015,-4.587517,0.063530,0.070708,0.185703
1765408017.430444,-7.467718,4.852941,-4.327475,0.065363,0.065210,0.189063
1765408017.433452,-7.559779,4.934242,-4.308943,0.068570,0.071777,0.188605
1765408017.435487,-7.696077,4.757890,-4.214490,0.074067,0.073762,0.196851
1765408017.438500,-7.557387,4.555236,-4.222262,0.071471,0.078191,0.189521
1765408017.440520,-7.560377,4.796150,-4.173242,0.071624,0.072998,0.180816
1765408017.441491,-7.264466,4.717240,-4.363342,0.067501,0.068875,0.183718
1765408017.444541,-7.216044,4.812888,-4.783596,0.069791,0.068875,0.181580
1765408017.448443,-7.511955,4.864896,-4.283237,0.063530,0.069333,0.179900
1765408017.450464,-7.770802,4.870277,-4.029770,0.066126,0.076358,0.179289
1765408017.453527,-7.699664,4.898373,-4.072214,0.068722,0.076053,0.182801
1765408017.454457,-7.374461,4.863701,-4.446436,0.066279,0.069486,0.181274
1765408017.457642,-7.291367,5.022118,-4.592300,0.069791,0.069486,0.182801
1765408017.461191,-7.291367,5.022118,-4.592300,0.069791,0.065515,0.182801
1765408017.463466,-7.623146,4.923481,-4.149928,0.063988,0.068722,0.182649
1765408017.465478,-7.595049,4.836202,-4.068627,0.063988,0.068722,0.179747
1765408017.468429,-7.346364,4.955762,-4.470349,0.064446,0.067195,0.176235
1765408017.470458,-7.205881,4.872668,-4.811094,0.061850,0.069486,0.182343
1765408017.473435,-7.205881,4.872668,-4.811094,0.061850,0.064599,0.182343
1765408017.474476,-7.596245,4.988044,-3.870755,0.057269,0.076969,0.175624
1765408017.478456,-7.161644,4.974294,-4.396819,0.054978,0.076969,0.179594
1765408017.480471,-6.972740,5.037064,-5.013151,0.059407,0.067653,0.184787
1765408017.483562,-7.281204,4.856527,-4.584528,0.058185,0.060170,0.190590
1765408017.485482,-7.760042,4.789574,-3.929937,0.061697,0.062919,0.185856
1765408017.486456,-7.417502,4.512195,-4.141558,0.058948,0.078802,0.186314
1765408017.490444,-7.006216,4.456599,-4.716642,0.060628,0.078802,0.181274
1765408017.493437,-7.061214,4.659851,-4.686752,0.065973,0.061392,0.174860
1765408017.495430,-7.538856,4.895982,-4.354375,0.067806,0.057421,0.172722
1765408017.498492,-7.643471,4.890004,-4.153514,0.064294,0.064752,0.175166
1765408017.500431,-7.074365,4.876255,-4.612625,0.066737,0.070402,0.174707
1765408017.502530,-7.010401,4.990435,-4.695121,0.066737,0.070402,0.181732
1765408017.505449,-7.096484,4.739358,-4.448828,0.066737,0.065515,0.184634
1765408017.508426,-7.587278,4.983261,-4.082974,0.065973,0.052382,0.174555
1765408017.510399,-7.584887,4.830224,-4.078192,0.063072,0.073151,0.183107
1765408017.513438,-7.584887,4.830224,-4.078192,0.063072,0.071319,0.183107
1765408017.515465,-7.031323,4.776422,-4.788378,0.063072,0.061392,0.179136
1765408017.518440,-7.362505,4.677785,-4.293399,0.063683,0.059712,0.179136
1765408017.520459,-7.456360,4.835604,-4.365136,0.067195,0.065363,0.174555
1765408017.523418,-7.284791,4.863701,-4.424318,0.065210,0.065363,0.171653
1765408017.525426,-7.284791,4.863701,-4.424318,0.065210,0.069791,0.171653
1765408017.528463,-7.271640,5.306671,-4.416546,0.064294,0.064599,0.180816
1765408017.530394,-7.388808,5.049019,-4.430894,0.062156,0.055283,0.185856
1765408017.533458,-7.321855,4.840984,-4.552845,0.063225,0.067959,0.187383
1765408017.534469,-7.171209,4.707077,-4.717838,0.063683,0.067959,0.184787
1765408017.537527,-7.171209,4.707077,-4.717838,0.063683,0.064752,0.184787
1765408017.540447,-7.481468,4.732783,-4.159493,0.065057,0.064904,0.179289
1765408017.542465,-7.439621,4.966523,-4.295193,0.063072,0.064446,0.169973
1765408017.543494,-7.171209,5.052606,-4.698111,0.065363,0.069333,0.180358
1765408017.548468,-7.162840,5.100430,-4.668818,0.064446,0.061392,0.177915
1765408017.550519,-7.511955,5.202653,-4.104495,0.060628,0.059712,0.182343
1765408017.553564,-7.439023,4.948589,-4.179220,0.057116,0.065363,0.187383
1765408017.555527,-7.225011,4.873266,-4.613821,0.055283,0.062003,0.184939
1765408017.557600,-7.259683,4.815877,-4.539693,0.054825,0.053145,0.179442
1765408017.561154,-7.607603,4.818866,-4.093735,0.055436,0.053145,0.175013
1765408017.563479,-7.397178,4.759684,-4.442850,0.059254,0.052229,0.178831
1765408017.565536,-7.205881,4.950382,-4.713056,0.059712,0.059407,0.171500
1765408017.567503,-7.244140,4.986250,-4.531922,0.060628,0.059407,0.172569
1765408017.570502,-7.244140,4.986250,-4.531922,0.060628,0.049327,0.172569
1765408017.573510,-7.272835,4.928264,-4.541487,0.060934,0.056352,0.172569
1765408017.575458,-7.192730,5.060975,-4.533715,0.063072,0.058338,0.173333
1765408017.578429,-7.333810,5.021521,-4.340028,0.055589,0.054825,0.174097
1765408017.580452,-7.244140,4.893591,-4.366331,0.059254,0.054367,0.176540
1765408017.581452,-7.244140,4.893591,-4.366331,0.059254,0.058338,0.176540
1765408017.585442,-7.177785,4.997608,-4.611430,0.065515,0.052993,0.170737
1765408017.588484,-7.393590,4.866690,-4.282640,0.061239,0.052382,0.173638
1765408017.590426,-7.214251,4.774031,-4.481109,0.058948,0.054062,0.167988
1765408017.593509,-7.276422,5.178741,-4.420134,0.059101,0.054062,0.163101
1765408017.595492,-7.000238,4.867886,-4.580344,0.058796,0.056047,0.174097
1765408017.596483,-6.992467,5.017933,-4.710664,0.062156,0.045968,0.170279
1765408017.600463,-7.200501,5.100430,-4.548661,0.064752,0.053145,0.173944
1765408017.603413,-7.162840,5.010760,-4.640123,0.066584,0.056505,0.180053
1765408017.605456,-7.174796,4.850550,-4.482903,0.062766,0.057116,0.180816
1765408017.606469,-7.232185,4.821257,-4.304160,0.060476,0.054978,0.172722
1765408017.609474,-7.415112,4.904351,-4.233620,0.057574,0.051618,0.168752
1765408017.613456,-7.058225,4.873266,-4.625776,0.059712,0.052229,0.169973
1765408017.615464,-6.879483,5.118962,-4.947393,0.060170,0.055131,0.166461
1765408017.616530,-7.160449,5.086082,-4.467957,0.058796,0.055131,0.175013
1765408017.620472,-7.317072,4.812290,-4.234218,0.059559,0.056810,0.173333
1765408017.621483,-7.382830,4.765662,-4.191773,0.059559,0.056047,0.164475
1765408017.625473,-7.138928,4.970109,-4.601864,0.059559,0.062003,0.163865
1765408017.628517,-7.080343,5.170970,-4.729794,0.063072,0.055894,0.164781
1765408017.630491,-7.173600,5.120755,-4.433285,0.060018,0.055283,0.168904
1765408017.633425,-7.227402,4.904351,-4.346006,0.058948,0.056658,0.173333
1765408017.635488,-7.119798,4.803323,-4.610234,0.059712,0.060781,0.166155
1765408017.638440,-7.166427,4.947393,-4.631754,0.062156,0.060018,0.165392
1765408017.639454,-7.144906,4.863701,-4.550454,0.059865,0.054978,0.164323
1765408017.642464,-7.164035,4.955762,-4.538497,0.060934,0.057269,0.162337
1765408017.645463,-7.154471,5.002390,-4.603060,0.059101,0.061239,0.162337
1765408017.648472,-7.253108,5.023911,-4.440459,0.061545,0.057574,0.166155
1765408017.650510,-7.325442,4.987445,-4.280248,0.062156,0.057574,0.165239
1765408017.653435,-7.234576,4.934242,-4.505021,0.059101,0.057574,0.166461
1765408017.655442,-7.093495,4.962935,-4.676589,0.063683,0.059407,0.163101
1765408017.658440,-7.026542,4.997608,-4.724414,0.057421,0.054367,0.166003
1765408017.660495,-7.376852,5.078909,-4.264108,0.055131,0.055741,0.162185
1765408017.665260,-7.381635,5.123147,-4.347800,0.057574,0.055741,0.163406
1765408017.665760,-7.215446,4.907340,-4.709468,0.059712,0.049480,0.167224
1765408017.668478,-7.080343,4.912122,-4.864896,0.058490,0.052534,0.161116
1765408017.670501,-7.280607,5.197273,-4.550454,0.065363,0.050855,0.161879
1765408017.673434,-7.221424,4.965327,-4.383070,0.063225,0.048717,0.167988
1765408017.675424,-7.380439,5.269607,-4.369320,0.059254,0.048717,0.154549
1765408017.676522,-7.404351,5.398134,-4.269488,0.056658,0.050702,0.162796
1765408017.679498,-7.062409,4.990435,-4.765662,0.060323,0.046273,0.171195
1765408017.683502,-7.063605,5.066953,-4.803921,0.057421,0.042455,0.157603
1765408017.685451,-7.063605,5.066953,-4.803921,0.057421,0.049480,0.157603
1765408017.688448,-7.237566,4.879244,-4.421329,0.056963,0.049480,0.170890
1765408017.690442,-7.071974,4.961740,-4.667623,0.054520,0.047800,0.156076
1765408017.693469,-7.025346,5.064562,-4.568985,0.052076,0.049327,0.154396
1765408017.694428,-6.988880,5.060975,-4.543280,0.056658,0.049327,0.160810
1765408017.698409,-6.988880,5.060975,-4.543280,0.056658,0.041539,0.160810
1765408017.699448,-7.187947,5.019129,-4.387852,0.057727,0.053451,0.159130
1765408017.703458,-7.064801,5.078909,-4.556432,0.061697,0.060323,0.162032
1765408017.705437,-6.777856,4.872070,-4.956958,0.060018,0.042302,0.162948
1765408017.708448,-7.217239,5.195480,-4.433883,0.060018,0.042302,0.150884
1765408017.710425,-7.217239,5.195480,-4.433883,0.060018,0.054520,0.150884
1765408017.713468,-6.916546,4.977283,-4.756097,0.058032,0.047800,0.159283
1765408017.713968,-6.903992,5.106408,-4.662840,0.054214,0.049633,0.152716
1765408017.717507,-7.073170,5.181730,-4.571975,0.054214,0.046120,0.157298
1765408017.720491,-7.117407,4.839789,-4.461979,0.053603,0.046120,0.163865
1765408017.723487,-7.234576,4.901362,-4.349593,0.053909,0.047495,0.146608
1765408017.725509,-7.152080,5.186513,-4.392634,0.049633,0.055589,0.145691
1765408017.728453,-6.868722,5.029292,-4.713653,0.050244,0.055589,0.155618
1765408017.730482,-6.865135,5.164992,-4.842180,0.056200,0.043219,0.155618
1765408017.733448,-7.140123,5.176948,-4.326877,0.055589,0.049022,0.152869
1765408017.735492,-7.015781,5.050214,-4.582735,0.058643,0.054062,0.158825
1765408017.738511,-6.688187,4.894787,-5.117766,0.059865,0.045357,0.157145
1765408017.740494,-6.912959,4.940817,-4.610234,0.054672,0.047953,0.147066
1765408017.743468,-6.912959,4.940817,-4.610234,0.054672,0.055741,0.147066
1765408017.745462,-6.991868,5.154232,-4.651482,0.056810,0.045662,0.148746
1765408017.748472,-6.959588,5.234337,-4.893591,0.058032,0.048411,0.149815
1765408017.750472,-7.045073,5.307268,-4.591105,0.060018,0.054367,0.152869
1765408017.753494,-6.982304,5.028096,-4.670612,0.054825,0.058185,0.155312
1765408017.753994,-6.982304,5.028096,-4.670612,0.054825,0.052382,0.155312
1765408017.757532,-7.248923,5.218794,-4.281444,0.051465,0.053909,0.143095
1765408017.760462,-7.162840,5.200262,-4.526542,0.054062,0.052993,0.152411
1765408017.762486,-6.846006,5.023911,-4.867288,0.055131,0.048258,0.154702
1765408017.765469,-6.996652,5.167384,-4.634744,0.056047,0.050855,0.149967
1765408017.767708,-7.068985,4.909133,-4.631754,0.048258,0.054062,0.153785
1765408017.768786,-7.089908,4.781204,-4.735772,0.054520,0.050091,0.148440
1765408017.773432,-6.996652,4.905547,-4.673003,0.052840,0.053451,0.141263
1765408017.775416,-6.883667,5.032280,-4.692730,0.049022,0.049938,0.138361
1765408017.778482,-6.911764,5.072931,-4.692730,0.051007,0.049938,0.138819
1765408017.780509,-7.116211,5.245097,-4.484696,0.054062,0.047953,0.139583
1765408017.783490,-7.126374,5.193687,-4.586920,0.051771,0.050091,0.146608
1765408017.783990,-7.177785,5.141080,-4.605451,0.053603,0.051007,0.149967
1765408017.787536,-7.215446,5.019727,-4.568388,0.058796,0.050244,0.150120
1765408017.790446,-7.229794,4.921090,-4.396221,0.052382,0.044288,0.144622
1765408017.793475,-7.192132,5.138689,-4.478718,0.053603,0.051771,0.140041
1765408017.795448,-6.971544,5.234337,-4.769248,0.053298,0.045357,0.145844
1765408017.797506,-6.994858,5.105212,-4.680176,0.055283,0.039706,0.144164
1765408017.800491,-7.094093,5.071735,-4.614419,0.055283,0.042150,0.144164
1765408017.803511,-7.207077,5.114777,-4.598278,0.054825,0.046120,0.140346
1765408017.804011,-6.996652,5.005379,-4.813486,0.051007,0.048564,0.138514
1765408017.808419,-6.954805,5.178144,-4.589311,0.046731,0.047495,0.131183
1765408017.810431,-7.064801,5.526063,-4.546867,0.048106,0.043830,0.135918
1765408017.812533,-6.945838,5.261836,-4.770444,0.051007,0.040470,0.149204
1765408017.813489,-6.957197,5.255260,-4.652080,0.051924,0.041233,0.143859
1765408017.818469,-7.079147,5.172166,-4.583333,0.050702,0.050244,0.150426
1765408017.820443,-6.979913,4.917503,-4.691535,0.053145,0.041081,0.153022
1765408017.823388,-7.019966,4.887613,-4.747727,0.047342,0.039095,0.142179
1765408017.825446,-7.073170,5.081300,-4.564203,0.049938,0.044593,0.137445
1765408017.828483,-6.951817,5.062768,-4.694524,0.051771,0.044288,0.140804
1765408017.828983,-6.915350,5.052606,-4.776422,0.049938,0.038943,0.139277
1765408017.833446,-6.890243,5.124342,-4.644906,0.050702,0.044440,0.139735
1765408017.833946,-6.860353,5.099832,-4.823050,0.054367,0.044440,0.141568
1765408017.838459,-7.046866,5.173361,-4.551649,0.049480,0.034208,0.135765
1765408017.840496,-7.250716,5.196078,-4.146939,0.044288,0.040470,0.131031
1765408017.843448,-7.094690,5.231946,-4.403395,0.044288,0.040470,0.131031
1765408017.845464,-6.673242,5.210425,-5.111190,0.048106,0.034819,0.134696
1765408017.848438,-6.777856,5.336561,-4.921688,0.048869,0.035125,0.136834
1765408017.850579,-6.849593,5.280966,-4.702892,0.052687,0.041386,0.144622
1765408017.852445,-6.866331,5.139884,-4.702295,0.050855,0.039554,0.146150
1765408017.855541,-6.930893,5.135102,-4.639526,0.049022,0.044899,0.142484
1765408017.858471,-6.791008,5.074127,-4.703490,0.043371,0.040775,0.139125
1765408017.860446,-6.788617,4.999401,-4.803921,0.046120,0.042150,0.134543
1765408017.863463,-6.692969,5.034672,-4.884624,0.048258,0.042913,0.130878
1765408017.865193,-6.725250,5.166188,-4.771042,0.047647,0.047647,0.133932
1765408017.867484,-6.843615,5.071735,-4.591105,0.048411,0.047647,0.137750
1765408017.870493,-6.843615,5.071735,-4.591105,0.048411,0.040012,0.137750
1765408017.872516,-6.889048,5.139884,-4.671807,0.049938,0.042455,0.130572
1765408017.875411,-6.830463,5.097441,-4.674796,0.044135,0.044440,0.131947
1765408017.878476,-7.041486,5.205045,-4.580941,0.047495,0.043066,0.129962
1765408017.880463,-7.023553,5.181730,-4.553442,0.047800,0.043066,0.130572
1765408017.881540,-6.908774,5.151841,-4.794954,0.050396,0.042150,0.132558
1765408017.885432,-6.923720,5.217598,-4.781802,0.051160,0.048411,0.130725
1765408017.888410,-6.886657,5.152439,-4.799139,0.054672,0.043219,0.134696
1765408017.889474,-7.034911,5.144667,-4.653275,0.048258,0.043066,0.132252
1765408017.893412,-7.174796,5.248684,-4.337637,0.044746,0.043066,0.127213
1765408017.895510,-6.983500,5.290530,-4.717838,0.044746,0.045051,0.127213
1765408017.898475,-6.857962,5.202653,-4.784791,0.048258,0.040928,0.133016
1765408017.899502,-6.938067,5.108799,-4.555236,0.044135,0.040928,0.128893
1765408017.903416,-7.040888,5.133906,-4.611430,0.047037,0.041844,0.126602
1765408017.905424,-6.885461,4.984457,-4.872070,0.045662,0.040317,0.127213
1765408017.906455,-6.861548,5.264227,-4.744141,0.045662,0.042608,0.127213
1765408017.910405,-6.953609,5.475250,-4.418938,0.041844,0.040164,0.121868
1765408017.913449,-6.883070,5.297704,-4.714251,0.039401,0.040164,0.132863
1765408017.915407,-6.845408,5.350310,-4.904351,0.045662,0.034667,0.127365
1765408017.918435,-6.810138,5.282161,-4.894787,0.045509,0.039248,0.131336
1765408017.920464,-6.814920,5.148254,-4.803921,0.048717,0.041997,0.134085
1765408017.921579,-6.873505,5.151243,-4.758488,0.043219,0.042302,0.130420
1765408017.925499,-7.146102,5.135102,-4.555236,0.041233,0.039554,0.126296
1765408017.928469,-7.148493,5.120158,-4.592300,0.041233,0.042913,0.126296
1765408017.930484,-6.927307,5.285748,-4.856527,0.048411,0.042455,0.124006
1765408017.932542,-6.691773,5.162003,-4.966523,0.043677,0.042455,0.125533
1765408017.935463,-6.797584,5.205045,-4.828431,0.042302,0.043524,0.123089
1765408017.938480,-7.018172,5.165590,-4.455403,0.047189,0.042455,0.123242
1765408017.940470,-7.130559,5.206838,-4.381276,0.041233,0.040012,0.118355
1765408017.943518,-7.039693,5.291726,-4.667623,0.042913,0.041233,0.116981
1765408017.945491,-6.863342,5.303083,-4.799139,0.043219,0.041233,0.122631
1765408017.948455,-6.864538,5.258249,-4.643710,0.048564,0.033445,0.125686
1765408017.950480,-6.922524,5.198469,-4.559421,0.043371,0.029322,0.127213
1765408017.953566,-6.958392,5.248684,-4.770444,0.044593,0.033598,0.123242
1765408017.954066,-6.787421,5.182328,-4.972501,0.045509,0.034056,0.124922
1765408017.957564,-6.796389,5.271998,-4.849354,0.041081,0.029932,0.123700
1765408017.961160,-6.922524,5.187709,-4.574366,0.035277,0.036805,0.121715
1765408017.963483,-6.844810,5.130917,-4.800334,0.039248,0.031918,0.123395
1765408017.965507,-6.660687,5.114777,-5.057388,0.039401,0.032376,0.124158
1765408017.967593,-6.786824,5.092658,-4.818268,0.041539,0.032529,0.120340
1765408017.970479,-6.930893,5.125537,-4.534911,0.041081,0.034208,0.120646
1765408017.973476,-6.889048,5.108799,-4.648493,0.039401,0.038790,0.116675
1765408017.973976,-6.769487,5.316236,-4.775227,0.038179,0.037874,0.117744
1765408017.977477,-6.901003,5.410688,-4.589909,0.043066,0.033750,0.119577
1765408017.980446,-6.804160,5.254662,-4.636537,0.042150,0.029932,0.123547
1765408017.981400,-6.670253,5.270205,-5.007771,0.045815,0.028863,0.123700
1765408017.983429,-6.732423,5.151841,-4.991630,0.039554,0.030849,0.123395
1765408017.988410,-6.906384,5.157818,-4.600669,0.043524,0.029780,0.121104
1765408017.990508,-6.984695,5.280966,-4.532520,0.042302,0.029780,0.117133
1765408017.992469,-6.758727,5.393352,-4.930057,0.034514,0.030696,0.116981
1765408017.995421,-6.569224,5.329985,-5.111190,0.037263,0.030849,0.120493
1765408017.997445,-6.672644,5.289335,-4.844571,0.039248,0.029474,0.123547
1765408018.000491,-6.935676,5.185915,-4.622190,0.040164,0.033750,0.120493
1765408018.003433,-6.901003,5.114179,-4.735772,0.038943,0.038943,0.118661
1765408018.005478,-6.730630,5.176948,-4.960545,0.041692,0.043219,0.114995
1765408018.007502,-6.771878,5.313247,-4.681970,0.044899,0.041081,0.116064
1765408018.010471,-6.879483,5.343136,-4.494260,0.041997,0.035736,0.113774
1765408018.012499,-6.924916,5.382592,-4.561812,0.038637,0.035430,0.115454
1765408018.015476,-6.721664,5.352702,-4.832018,0.041844,0.042302,0.121562
1765408018.018438,-6.658297,5.189502,-4.921090,0.040470,0.037415,0.123700
1765408018.020458,-6.820898,5.086680,-4.611430,0.039706,0.029932,0.120799
1765408018.023403,-6.863939,5.055595,-4.673601,0.038943,0.031918,0.117439
1765408018.023903,-6.836441,5.251076,-4.840984,0.039095,0.030849,0.113468
1765408018.026464,-6.865135,5.384385,-4.854136,0.037874,0.032070,0.113468
1765408018.028444,-6.755140,5.184122,-4.946198,0.034972,0.032529,0.115454
1765408018.032504,-6.739597,5.166188,-4.905547,0.037110,0.034056,0.114232
1765408018.035463,-6.862744,5.166786,-4.751315,0.039095,0.036499,0.114079
1765408018.038445,-6.899807,5.108799,-4.756097,0.040164,0.037568,0.112857
1765408018.040435,-6.887254,5.152439,-4.689143,0.039859,0.037721,0.107054
1765408018.043010,-6.797584,5.233141,-4.814084,0.034972,0.037874,0.106596
1765408018.045484,-6.724055,5.382592,-4.832615,0.038026,0.036805,0.106596
1765408018.048492,-6.787421,5.426231,-4.631754,0.035888,0.030238,0.109345
1765408018.050503,-6.962576,5.406504,-4.467957,0.034819,0.033903,0.114537
1765408018.051508,-6.832854,5.233141,-4.826637,0.039248,0.033903,0.116675
1765408018.055509,-6.810138,5.230750,-4.947393,0.040164,0.032070,0.112399
1765408018.061262,-6.885461,5.236728,-4.667623,0.038332,0.031001,0.107207
1765408018.061762,-6.888450,5.286943,-4.638330,0.033139,0.031765,0.106749
1765408018.063440,-6.780846,5.330583,-4.910329,0.038637,0.027184,0.109803
1765408018.065451,-6.800573,5.392156,-4.832615,0.038026,0.027489,0.109498
1765408018.068460,-6.800573,5.392156,-4.832615,0.038026,0.029016,0.109498
1765408018.070444,-6.926709,5.164394,-4.672405,0.036652,0.026725,0.109192
1765408018.073463,-6.770682,5.115375,-5.063366,0.036652,0.026725,0.106901
1765408018.075474,-6.767097,5.265423,-4.821257,0.036194,0.029169,0.100640
1765408018.076539,-6.740793,5.355690,-4.732185,0.033139,0.036805,0.103542
1765408018.079405,-6.740793,5.355690,-4.732185,0.033139,0.023824,0.103542
1765408018.083412,-6.918938,5.325202,-4.560616,0.037415,0.029474,0.104153
1765408018.083912,-6.842419,5.324007,-4.725011,0.038637,0.029474,0.104763
1765408018.088455,-6.701338,5.280966,-5.007771,0.042455,0.027489,0.106443
1765408018.090446,-6.634385,5.271400,-4.850550,0.034208,0.025962,0.102014
1765408018.093437,-6.895624,5.544595,-4.546867,0.033903,0.028100,0.099418
1765408018.095481,-6.808942,5.445958,-4.858919,0.035125,0.020922,0.106749
1765408018.098464,-6.769487,5.450740,-5.000597,0.037874,0.020922,0.107970
1765408018.100396,-6.726446,5.379004,-4.796150,0.035583,0.030391,0.109803
1765408018.103443,-6.646340,5.189502,-5.011358,0.036499,0.031154,0.111177
1765408018.105463,-6.629602,5.118962,-4.921090,0.034514,0.022907,0.105832
1765408018.108424,-6.812529,5.353299,-4.680176,0.032070,0.030543,0.098960
1765408018.110398,-6.834648,5.365853,-4.753706,0.032070,0.030543,0.099876
1765408018.113465,-6.619440,5.337159,-4.905547,0.033903,0.028558,0.103847
1765408018.115465,-6.683403,5.394547,-4.778813,0.034361,0.024435,0.104000
1765408018.118510,-6.777856,5.286943,-4.652678,0.031307,0.024435,0.105680
1765408018.120504,-6.851387,5.185915,-4.732185,0.031307,0.021533,0.105680
1765408018.123481,-6.820898,5.121951,-4.677187,0.030238,0.026267,0.100640
1765408018.123981,-6.814920,5.322214,-4.676589,0.031154,0.025962,0.093615
1765408018.128424,-6.701936,5.327594,-4.796150,0.027794,0.019853,0.096517
1765408018.130407,-6.655905,5.340745,-4.919894,0.024587,0.019853,0.095753
1765408018.133439,-6.655905,5.340745,-4.919894,0.024587,0.022907,0.095753
1765408018.134487,-6.668459,5.267216,-4.967718,0.029932,0.027489,0.101404
1765408018.137493,-6.647536,5.236130,-4.978478,0.033598,0.024435,0.098807
1765408018.140438,-6.631994,5.252271,-4.826637,0.032834,0.029780,0.094379
1765408018.142683,-6.572214,5.466283,-4.866092,0.035583,0.033750,0.095753
1765408018.145449,-6.524390,5.380200,-5.037661,0.034972,0.031307,0.102778
1765408018.148427,-6.664275,5.337159,-4.855332,0.032834,0.024282,0.104153
1765408018.150410,-6.857962,5.214011,-4.619799,0.031460,0.028558,0.100793
1765408018.151454,-6.820898,5.110592,-4.741750,0.033903,0.029322,0.098197
1765408018.153534,-6.646340,5.152439,-4.904351,0.030849,0.028100,0.096211
1765408018.157469,-6.696556,5.338354,-4.839789,0.027489,0.028711,0.093768
1765408018.160475,-6.862744,5.438187,-4.642515,0.029322,0.031001,0.096517
1765408018.163418,-6.777856,5.309062,-4.714849,0.029322,0.030085,0.098197
1765408018.165487,-6.663677,5.223577,-4.794356,0.029169,0.028863,0.096822
1765408018.167443,-6.705523,5.199067,-4.784791,0.029932,0.026114,0.099876
1765408018.171126,-6.816713,5.196078,-4.720229,0.038637,0.020617,0.093768
1765408018.171626,-6.808942,5.154830,-4.671807,0.035736,0.021380,0.091935
1765408018.174400,-6.846604,5.380200,-4.703490,0.030849,0.025962,0.088575
1765408018.178414,-6.846604,5.380200,-4.703490,0.030849,0.027336,0.088575
1765408018.180407,-6.645144,5.354495,-4.887613,0.034972,0.020617,0.089950
1765408018.183453,-6.587159,5.497967,-4.958751,0.035277,0.020922,0.091477
1765408018.185403,-6.742586,5.382592,-4.728598,0.034208,0.023060,0.096669
1765408018.188430,-6.863939,5.243304,-4.699904,0.032834,0.019853,0.095142
1765408018.189426,-6.867527,5.252271,-4.613821,0.032529,0.022602,0.090561
1765408018.191432,-6.648732,5.404112,-4.995217,0.032529,0.027489,0.085521
1765408018.195461,-6.380917,5.468675,-5.260640,0.032376,0.019395,0.091019
1765408018.198436,-6.557866,5.516499,-4.985054,0.029474,0.025809,0.094379
1765408018.200387,-6.758727,5.471066,-4.711860,0.030849,0.025809,0.099418
1765408018.203391,-6.724055,5.190100,-4.815877,0.031460,0.030696,0.101098
1765408018.205447,-6.556671,5.180534,-5.052606,0.033598,0.028253,0.094073
1765408018.208384,-6.648134,5.307866,-4.948589,0.030085,0.026878,0.092088
1765408018.210431,-6.794595,5.289335,-4.746532,0.032223,0.024282,0.089644
1765408018.213504,-6.682209,5.338354,-4.830224,0.028253,0.029627,0.089186
1765408018.215466,-6.618842,5.361669,-4.832615,0.028253,0.028711,0.090866
1765408018.218459,-6.617646,5.371831,-4.930057,0.028558,0.028863,0.092088
1765408018.220470,-6.689382,5.230153,-4.869081,0.028711,0.019700,0.093310
1765408018.223407,-6.824485,5.271400,-4.672405,0.027336,0.023213,0.087354
1765408018.225430,-6.853180,5.379004,-4.656862,0.029932,0.025809,0.085674
1765408018.228393,-6.701936,5.438785,-4.801530,0.029016,0.024282,0.086132
1765408018.230436,-6.617646,5.459110,-4.934242,0.031307,0.019395,0.090255
1765408018.233416,-6.622428,5.374820,-4.885221,0.030391,0.023213,0.093310
1765408018.233916,-6.691175,5.266618,-4.898373,0.032681,0.017562,0.091783
1765408018.237465,-6.740793,5.230750,-4.776422,0.032987,0.016799,0.090713
1765408018.240463,-6.757532,5.307268,-4.693926,0.028405,0.015730,0.082925
1765408018.243501,-6.620038,5.474652,-4.898373,0.028558,0.020922,0.082772
1765408018.244526,-6.474174,5.413079,-5.118364,0.028405,0.018326,0.083536
1765408018.248415,-6.605690,5.518889,-4.953371,0.030085,0.018021,0.084605
1765408018.250467,-6.689382,5.381396,-4.650286,0.029169,0.022449,0.087965
1765408018.253602,-6.732423,5.306073,-4.701697,0.029169,0.019700,0.087965
1765408018.255554,-6.585365,5.340745,-4.956958,0.027184,0.014813,0.086590
1765408018.258487,-6.558464,5.359875,-5.017933,0.027184,0.014813,0.083994
1765408018.258987,-6.581778,5.328790,-5.021521,0.024740,0.018479,0.082314
1765408018.263475,-6.545910,5.314442,-5.009564,0.021380,0.021075,0.083230
1765408018.265471,-6.598516,5.382592,-4.848158,0.025656,0.026573,0.080787
1765408018.267453,-6.689382,5.391558,-4.793160,0.029932,0.025351,0.084605
1765408018.270477,-6.733619,5.337757,-4.701099,0.027336,0.025351,0.083994
1765408018.273482,-6.642754,5.281563,-4.753706,0.027489,0.022755,0.081092
1765408018.275474,-6.621831,5.346723,-4.805117,0.023824,0.020617,0.079871
1765408018.278457,-6.645144,5.353897,-4.867288,0.023671,0.016799,0.080481
1765408018.280513,-6.680415,5.443567,-4.855332,0.027184,0.016035,0.079107
1765408018.283454,-6.596126,5.377809,-4.877450,0.027642,0.020311,0.081245
1765408018.285615,-6.521400,5.324007,-5.008369,0.026267,0.023060,0.081551
1765408018.288527,-6.609277,5.291726,-4.944404,0.026267,0.014966,0.081703
1765408018.290470,-6.724055,5.321018,-4.801530,0.025351,0.014966,0.077885
1765408018.292532,-6.724055,5.321018,-4.801530,0.025351,0.021991,0.077885
1765408018.295509,-6.633787,5.447154,-4.977880,0.027184,0.024587,0.076053
1765408018.298449,-6.643949,5.419057,-4.936632,0.024282,0.021686,0.077885
1765408018.300425,-6.824485,5.432806,-4.664036,0.025504,0.021075,0.080329
1765408018.303409,-6.841223,5.321616,-4.717838,0.026114,0.021075,0.079871
1765408018.305419,-6.841223,5.321616,-4.717838,0.026114,0.020464,0.079871
1765408018.308414,-6.654112,5.419655,-4.831420,0.022144,0.018784,0.072998
1765408018.310408,-6.689980,5.414873,-4.805117,0.022907,0.017562,0.072998
1765408018.313472,-6.703730,5.411286,-4.824246,0.022755,0.012675,0.075442
1765408018.315457,-6.657101,5.346126,-4.960545,0.021533,0.012675,0.074373
1765408018.316486,-6.614657,5.368245,-4.996412,0.024893,0.012370,0.078496
1765408018.320414,-6.631994,5.292922,-4.968914,0.023976,0.016952,0.076205
1765408018.323398,-6.605690,5.271400,-4.929459,0.020922,0.016952,0.073151
1765408018.325396,-6.609277,5.399928,-4.931850,0.021991,0.014355,0.072235
1765408018.328444,-6.602103,5.402319,-4.923481,0.025351,0.014355,0.073609
1765408018.330398,-6.568626,5.448349,-4.942610,0.023366,0.015577,0.074678
1765408018.333465,-6.457436,5.423242,-5.019129,0.026573,0.019090,0.076816
1765408018.335445,-6.464610,5.373027,-4.970109,0.026114,0.018631,0.077122
1765408018.338441,-6.579387,5.319225,-4.888809,0.026114,0.013286,0.077122
1765408018.340440,-6.645743,5.264227,-4.736968,0.020769,0.010996,0.075900
1765408018.343447,-6.677426,5.404710,-4.858321,0.019090,0.019700,0.074984
1765408018.345453,-6.396460,5.411286,-5.072931,0.018937,0.021838,0.076053
1765408018.347453,-6.423958,5.459110,-4.995217,0.017410,0.016952,0.074526
1765408018.350452,-6.423958,5.459110,-4.995217,0.017410,0.016341,0.074526
1765408018.353482,-6.636776,5.252271,-4.797345,0.020769,0.014508,0.075289
1765408018.354459,-6.665471,5.218794,-4.826637,0.022144,0.014966,0.073915
1765408018.358473,-6.544715,5.244500,-4.973696,0.021075,0.016035,0.068570
1765408018.360466,-6.511237,5.379004,-4.892395,0.024129,0.020159,0.067195
1765408018.363458,-6.488521,5.493783,-4.900167,0.024129,0.015424,0.067195
1765408018.365483,-6.479554,5.543400,-4.830224,0.023366,0.013286,0.071624
1765408018.367531,-6.597321,5.441773,-4.811094,0.020464,0.018173,0.075136
1765408018.370496,-6.530367,5.320420,-4.961740,0.024435,0.015119,0.074220
1765408018.373505,-6.403634,5.247489,-5.118364,0.024740,0.012981,0.072082
1765408018.375514,-6.478956,5.356886,-4.987445,0.021533,0.012523,0.067653
1765408018.376471,-6.660687,5.393950,-4.752510,0.018173,0.016646,0.067348
1765408018.380490,-6.685795,5.453730,-4.795552,0.021991,0.017257,0.065821
1765408018.383419,-6.542323,5.469871,-4.976087,0.021075,0.019548,0.069333
1765408018.385424,-6.382710,5.386776,-5.112386,0.023213,0.020006,0.071319
1765408018.388408,-6.577593,5.304279,-4.906743,0.023671,0.016799,0.068722
1765408018.390409,-6.789813,5.318029,-4.620994,0.021838,0.015577,0.062003
1765408018.393432,-6.688784,5.434002,-4.807508,0.021838,0.020464,0.063835
1765408018.395401,-6.475370,5.442371,-5.108799,0.021533,0.023671,0.067348
1765408018.398400,-6.531563,5.578670,-4.910329,0.025809,0.019090,0.066432
1765408018.398900,-6.664275,5.561931,-4.660449,0.022602,0.018937,0.070097
1765408018.403489,-6.712099,5.456718,-4.843376,0.020769,0.018479,0.070555
1765408018.405465,-6.624820,5.263031,-4.982065,0.017715,0.015272,0.071471
1765408018.408468,-6.560257,5.315638,-4.965327,0.019242,0.013134,0.065668
1765408018.408968,-6.580583,5.318029,-4.913318,0.016341,0.020006,0.065821
1765408018.411486,-6.456240,5.290530,-5.096843,0.020922,0.016646,0.061697
1765408018.415418,-6.499282,5.383189,-5.002390,0.019090,0.014813,0.060323
1765408018.418439,-6.590147,5.400526,-4.860114,0.018937,0.015272,0.062156
1765408018.420439,-6.694164,5.371233,-4.793160,0.020311,0.013592,0.061697
1765408018.422533,-6.578192,5.325202,-4.884026,0.019242,0.016799,0.058948
1765408018.423475,-6.490913,5.429220,-4.983261,0.014661,0.016646,0.054672
1765408018.427500,-6.599712,5.498565,-4.850550,0.017104,0.013134,0.059254
1765408018.430535,-6.656503,5.447752,-4.783596,0.021991,0.011148,0.060476
1765408018.433426,-6.653514,5.434002,-4.686752,0.019242,0.012065,0.063072
1765408018.435458,-6.478359,5.286943,-4.962935,0.016493,0.011606,0.062003
1765408018.438420,-6.508847,5.303682,-5.109994,0.017104,0.005956,0.055589
1765408018.440436,-6.560257,5.374222,-4.923481,0.014508,0.007789,0.054825
1765408018.443435,-6.482543,5.481826,-4.950980,0.022297,0.010079,0.055283
1765408018.444464,-6.343854,5.481228,-5.289335,0.018937,0.011301,0.057421
1765408018.447403,-6.400645,5.491391,-5.194882,0.014966,0.011301,0.059101
1765408018.450419,-6.581778,5.520085,-4.933643,0.018021,0.015424,0.062766
1765408018.453495,-6.695360,5.319822,-4.744141,0.019395,0.013744,0.065210
1765408018.455399,-6.590147,5.245097,-4.776422,0.017562,0.021380,0.060781
1765408018.458424,-6.441893,5.308464,-4.950980,0.017104,0.018021,0.057574
1765408018.460518,-6.526780,5.423840,-4.912721,0.013744,0.012217,0.057116
1765408018.463414,-6.374940,5.485413,-5.084887,0.019853,0.016646,0.057727
1765408018.465573,-6.425154,5.506934,-5.008369,0.015577,0.014508,0.059865
1765408018.468425,-6.465208,5.482424,-4.941415,0.016952,0.018021,0.062614
1765408018.470494,-6.535150,5.300095,-4.977283,0.018021,0.017562,0.060323
1765408018.473535,-6.469989,5.306073,-4.999401,0.016188,0.015119,0.057879
1765408018.475483,-6.576398,5.460903,-4.904351,0.012370,0.015119,0.055283
1765408018.478426,-6.576398,5.460903,-4.904351,0.012370,0.013286,0.055283
1765408018.480443,-6.564442,5.405905,-4.886417,0.016646,0.017257,0.054214
1765408018.483431,-6.591343,5.466283,-4.832615,0.017562,0.017257,0.055131
1765408018.485450,-6.556073,5.431611,-5.021521,0.016341,0.012828,0.055436
1765408018.488436,-6.517216,5.419655,-4.992228,0.018631,0.012828,0.056810
1765408018.490438,-6.579387,5.383189,-4.927068,0.016799,0.014050,0.052840
1765408018.493392,-6.642156,5.451339,-4.842180,0.018784,0.014050,0.054062
1765408018.495401,-6.530367,5.426231,-4.928264,0.014355,0.016188,0.052534
1765408018.498400,-6.557866,5.475250,-4.937231,0.012523,0.011148,0.050855
1765408018.499411,-6.568626,5.435197,-4.825442,0.011606,0.012981,0.053145
1765408018.503409,-6.591941,5.388569,-4.864896,0.013744,0.012981,0.053451
1765408018.504520,-6.555475,5.443567,-4.911525,0.012370,0.009774,0.052382
1765408018.506435,-6.611070,5.418459,-4.913318,0.009468,0.009774,0.052076
1765408018.510424,-6.579985,5.489598,-4.941415,0.012675,0.007941,0.050702
1765408018.513426,-6.435915,5.413677,-5.044237,0.013286,0.011301,0.050244
1765408018.515405,-6.431133,5.444763,-4.961740,0.013897,0.012675,0.049633
1765408018.518391,-6.576398,5.406504,-4.942013,0.014203,0.009010,0.051618
1765408018.520394,-6.686393,5.396341,-4.880439,0.017868,0.004734,0.052993
1765408018.523532,-6.579387,5.349712,-4.961740,0.013134,0.010079,0.051007
1765408018.524032,-6.444284,5.491391,-5.086082,0.014966,0.010843,0.051771
1765408018.527458,-6.340864,5.373027,-5.163797,0.013134,0.010843,0.052076
1765408018.530395,-6.507053,5.419655,-5.058584,0.015119,0.005498,0.052076
1765408018.534206,-6.616451,5.392156,-4.830224,0.013134,0.009621,0.053909
1765408018.534706,-6.625418,5.395743,-4.927068,0.013134,0.015424,0.053909
1765408018.538416,-6.514824,5.406504,-4.959349,0.015577,0.012523,0.051924
1765408018.540493,-6.609277,5.412481,-4.789574,0.010843,0.010232,0.048106
1765408018.543537,-6.597321,5.497369,-4.881635,0.011759,0.007025,0.051160
1765408018.545425,-6.443089,5.417264,-5.023911,0.012523,0.005956,0.049786
1765408018.548525,-6.467000,5.468675,-5.031683,0.012217,0.006872,0.052076
1765408018.550452,-6.449067,5.377809,-4.928861,0.012217,0.010232,0.051160
1765408018.553475,-6.407221,5.376016,-5.081300,0.014966,0.009774,0.049480
1765408018.555486,-6.405427,5.304877,-5.093256,0.014203,0.007178,0.047647
1765408018.558242,-6.423958,5.473456,-4.989239,0.014661,0.012523,0.044135
1765408018.560523,-6.475967,5.516499,-4.882233,0.013134,0.012523,0.045815
1765408018.562516,-6.365375,5.497369,-5.010162,0.011606,0.008858,0.048869
1765408018.565211,-6.377929,5.533237,-5.038856,0.009927,0.007636,0.048258
1765408018.568466,-6.502271,5.471066,-4.933046,0.011301,0.009163,0.049022
1765408018.570433,-6.576996,5.389765,-4.841582,0.011912,0.009010,0.047953
1765408018.573448,-6.525585,5.343136,-4.918698,0.010232,0.008399,0.048411
1765408018.574441,-6.428741,5.474652,-5.019129,0.012217,0.011454,0.045968
1765408018.578384,-6.364777,5.467479,-5.087278,0.011759,0.008247,0.045357
1765408018.578884,-6.462219,5.382592,-4.923481,0.012370,0.004734,0.046884
1765408018.583407,-6.560257,5.460903,-4.854136,0.013897,0.006109,0.045204
1765408018.583907,-6.575800,5.389765,-4.931850,0.013897,0.012828,0.047189
1765408018.589167,-6.501075,5.360473,-4.957556,0.013744,0.008858,0.044593
1765408018.590491,-6.498684,5.443567,-4.931850,0.012217,0.010996,0.037721
1765408018.591463,-6.408416,5.633667,-4.976087,0.008094,0.011454,0.040928
1765408018.595456,-6.362983,5.573887,-5.042443,0.008247,0.011606,0.044593
1765408018.598460,-6.506456,5.533237,-4.910329,0.007025,0.011759,0.046426
1765408018.600479,-6.506456,5.533237,-4.910329,0.007025,0.008552,0.046426
1765408018.603454,-6.548302,5.368245,-4.972501,0.010079,0.008247,0.048564
1765408018.605451,-6.423361,5.303682,-5.019129,0.008858,0.005345,0.044899
1765408018.608406,-6.503467,5.435197,-4.990435,0.009927,0.005803,0.042302
1765408018.610445,-6.498684,5.401721,-4.948589,0.010079,0.005803,0.041386
1765408018.613395,-6.412003,5.426829,-5.106408,0.009163,0.007330,0.040317
1765408018.615489,-6.455643,5.447752,-5.004782,0.007636,0.007483,0.041233
1765408018.618427,-6.580583,5.442371,-4.818268,0.008399,0.008399,0.040470
1765408018.620493,-6.645144,5.407699,-4.904949,0.010232,0.007789,0.038485
1765408018.623485,-6.551291,5.442371,-4.881037,0.006872,0.009010,0.034361
1765408018.623985,-6.496891,5.560735,-4.924676,0.003665,0.007178,0.034667
1765408018.628448,-6.480152,5.497369,-4.970109,0.004734,0.005498,0.041233
1765408018.630419,-6.480152,5.497369,-4.970109,0.004734,-0.003665,0.041233
1765408018.631399,-6.567431,5.444763,-4.867288,0.010079,0.004276,0.038790
1765408018.635427,-6.547106,5.308464,-4.930655,0.006720,0.004581,0.039095
1765408018.638404,-6.574605,5.308464,-4.869679,0.009774,-0.001527,0.039248
1765408018.640482,-6.521998,5.358679,-4.960545,0.009163,-0.001069,0.035430
1765408018.643392,-6.534552,5.565518,-5.080703,0.008858,0.000458,0.034056
1765408018.644401,-6.428741,5.496173,-5.068149,0.009010,-0.005192,0.037568
1765408018.649141,-6.526780,5.595408,-5.050214,0.011301,-0.005192,0.035277
1765408018.650452,-6.504663,5.573887,-4.895982,0.008552,0.001069,0.037874
1765408018.653463,-6.367168,5.420851,-5.191295,0.008399,0.004581,0.041233
1765408018.653963,-6.351027,5.341941,-5.119559,0.009468,0.002138,0.040470
1765408018.658472,-6.490913,5.475848,-4.821855,0.008705,0.005345,0.035430
1765408018.660505,-6.420970,5.595408,-4.978478,0.006720,0.005803,0.036652
1765408018.663484,-6.348636,5.549976,-5.127928,0.005498,-0.002138,0.036805
1765408018.669280,-6.406025,5.565518,-5.021521,0.005040,0.005956,0.035736
1765408018.669613,-6.441295,5.408895,-4.950980,0.006109,0.005956,0.040164
1765408018.669947,-6.475370,5.370038,-4.991630,0.007789,0.007178,0.037874
1765408018.673432,-6.377331,5.351506,-5.098039,0.002443,0.005651,0.032529
1765408018.675459,-6.377331,5.351506,-5.098039,0.002443,0.004887,0.032529
1765408018.678431,-6.482543,5.552965,-4.974891,0.007483,0.001985,0.033750
1765408018.680494,-6.488521,5.477044,-4.949785,0.002596,0.001985,0.038637
1765408018.682507,-6.506456,5.383189,-4.952175,0.001680,0.005803,0.035736
1765408018.683509,-6.477761,5.304877,-5.078909,0.003818,0.004887,0.031001
1765408018.688449,-6.457436,5.420851,-4.980272,0.003818,0.004734,0.031001
1765408018.690459,-6.513629,5.462099,-4.934242,0.003360,0.003971,0.028558
1765408018.691457,-6.531563,5.542802,-4.871472,0.007178,0.003971,0.029169
1765408018.695457,-6.409612,5.515303,-5.068149,0.001985,0.002138,0.029627
1765408018.696489,-6.426350,5.508130,-5.024509,0.001527,-0.003054,0.029322
1765408018.700434,-6.452654,5.498565,-5.008966,0.004429,0.000611,0.030238
1765408018.703401,-6.406025,5.369440,-5.064562,0.006261,0.001527,0.032070
1765408018.705430,-6.425752,5.393352,-5.011955,0.005040,0.005345,0.030391
1765408018.708468,-6.511836,5.512912,-4.863701,0.003512,0.001069,0.028711
1765408018.710479,-6.544117,5.535030,-4.734576,0.000305,0.000305,0.032529
1765408018.713402,-6.450262,5.350310,-5.080105,0.002443,0.000305,0.032376
1765408018.715408,-6.278096,5.447154,-5.351506,0.005040,-0.000305,0.030849
1765408018.718444,-6.551291,5.504542,-4.962935,0.003207,0.001527,0.027642
1765408018.720500,-6.618244,5.387373,-4.777617,0.006109,0.001680,0.031001
1765408018.723436,-6.600908,5.422047,-4.887015,0.001833,0.001680,0.026573
1765408018.723936,-6.561453,5.468675,-4.808703,0.003818,0.004734,0.028253
1765408018.727471,-6.561453,5.468675,-4.808703,0.003818,0.004887,0.028253
1765408018.730434,-6.323529,5.472261,-5.071735,0.001222,-0.002749,0.027794
1765408018.733463,-6.340267,5.467479,-5.104016,0.000458,0.003665,0.027947
1765408018.735499,-6.451458,5.390362,-5.090267,0.004887,-0.000916,0.030696
1765408018.738454,-6.623624,5.427427,-4.825442,0.004276,-0.000916,0.027947
1765408018.740413,-6.623624,5.427427,-4.825442,0.004276,0.005040,0.027947
1765408018.742477,-6.441893,5.351506,-4.967718,0.002596,-0.002291,0.029169
1765408018.744464,-6.263749,5.521879,-5.194882,0.002443,-0.002291,0.023824
1765408018.748454,-6.297225,5.509923,-5.157818,0.003207,0.000764,0.025504
1765408018.750610,-6.439501,5.449545,-4.971305,0.003971,-0.003360,0.028863
1765408018.753438,-6.536943,5.438785,-4.934839,0.005345,0.001222,0.028405
1765408018.756470,-6.404830,5.413677,-4.997608,0.006261,0.006109,0.030696
1765408018.758453,-6.336680,5.444763,-5.099234,0.001985,0.007025,0.028558
1765408018.760493,-6.398851,5.428024,-4.954566,0.003665,-0.000458,0.027184
1765408018.761471,-6.446077,5.417264,-4.931850,0.002596,-0.001680,0.025656
1765408018.765416,-6.470587,5.469871,-4.971903,0.003665,-0.002443,0.026878
1765408018.769226,-6.429339,5.437589,-5.038259,0.005956,0.001680,0.027184
1765408018.770474,-6.425154,5.367049,-5.031085,0.009468,-0.000153,0.030391
1765408018.773471,-6.377331,5.368842,-5.045432,0.006720,0.003207,0.025045
1765408018.775478,-6.446676,5.485413,-4.881635,0.001985,0.003665,0.024435
1765408018.778414,-6.435915,5.430415,-4.875657,0.002749,0.005192,0.026725
1765408018.780401,-6.557268,5.567909,-4.919894,0.004429,-0.001527,0.022297
1765408018.783393,-6.467000,5.517694,-4.948589,0.004581,0.000916,0.027489
1765408018.785438,-6.323529,5.502152,-5.228359,0.003971,0.004429,0.027947
1765408018.788414,-6.423361,5.540411,-5.047823,0.005956,-0.001680,0.025351
1765408018.790404,-6.383906,5.450740,-4.904351,0.005192,0.002596,0.025045
1765408018.793467,-6.407818,5.576278,-4.964729,0.003207,0.000153,0.023824
1765408018.795388,-6.272118,5.456718,-5.089669,0.000458,0.000153,0.024435
1765408018.798526,-6.317551,5.534432,-5.059181,0.000458,-0.000458,0.021991
1765408018.800471,-6.307986,5.510521,-5.044834,0.003360,0.001222,0.025962
1765408018.801421,-6.230272,5.367049,-5.214011,0.002596,0.000305,0.025656
1765408018.805402,-6.367766,5.436393,-5.038856,0.004276,-0.001222,0.022755
1765408018.808446,-6.584767,5.481228,-4.719631,0.002291,-0.001222,0.020464
1765408018.809486,-6.435915,5.536824,-4.947393,0.004429,0.001069,0.022144
1765408018.811463,-6.299616,5.584648,-5.196676,0.005498,-0.002291,0.021686
1765408018.815455,-6.417384,5.441175,-5.066953,0.000764,0.001680,0.024129
1765408018.817457,-6.520802,5.383189,-4.936632,0.002138,-0.001680,0.024129
1765408018.820409,-6.605690,5.384982,-4.878646,0.000611,0.001680,0.018937
1765408018.823376,-6.358201,5.383788,-5.092061,-0.001680,0.004581,0.014813
1765408018.825431,-6.242229,5.569105,-5.170970,-0.002291,0.002902,0.013744
1765408018.826442,-6.319942,5.591822,-4.953969,-0.004734,-0.005345,0.016646
1765408018.830398,-6.514226,5.714969,-4.845169,-0.003360,-0.003971,0.017410
1765408018.833417,-6.440100,5.637254,-4.934839,-0.002902,-0.000764,0.023976
1765408018.834409,-6.333094,5.443567,-5.247489,-0.001374,-0.001374,0.023976
1765408018.838448,-6.412601,5.345528,-4.983261,-0.000764,-0.002138,0.022755
1765408018.840414,-6.489717,5.319822,-4.818268,-0.001069,0.001985,0.020006
1765408018.843456,-6.382113,5.422047,-5.068149,-0.000764,-0.000458,0.015119
1765408018.845428,-6.323529,5.524868,-5.068149,-0.001222,0.002749,0.016035
1765408018.848424,-6.388091,5.534432,-5.001195,-0.000916,-0.002138,0.016188
1765408018.849497,-6.426948,5.417264,-5.037064,0.001374,-0.001374,0.019853
1765408018.853455,-6.477761,5.408895,-5.074127,-0.001069,-0.001374,0.019548
1765408018.855441,-6.426350,5.327594,-5.045432,0.000611,0.000611,0.019090
1765408018.858405,-6.490314,5.410090,-4.943806,0.000458,0.002902,0.013897
1765408018.860403,-6.459827,5.514107,-4.882831,-0.004581,0.000764,0.013439
1765408018.863439,-6.264945,5.637254,-5.151841,-0.003971,-0.002443,0.016799
1765408018.863939,-6.280488,5.590028,-5.135102,-0.003207,-0.002443,0.020311
1765408018.866392,-6.429937,5.559540,-4.909732,-0.004734,-0.002749,0.018479
1765408018.870473,-6.478956,5.387971,-4.897178,-0.002291,-0.002291,0.022602
1765408018.873447,-6.337875,5.258249,-5.091463,-0.003512,-0.000305,0.018784
1765408018.874491,-6.384504,5.404710,-5.044237,-0.001374,-0.002138,0.015119
1765408018.881255,-6.453849,5.441773,-4.856527,-0.002902,0.000153,0.018021
1765408018.881755,-6.537541,5.555954,-4.852941,-0.001374,-0.001069,0.016341
1765408018.883470,-6.355810,5.520085,-5.070539,-0.000153,-0.000458,0.019853
1765408018.885454,-6.267933,5.427427,-5.198469,-0.000305,-0.003054,0.020769
1765408018.888495,-6.446676,5.332376,-5.012554,-0.000305,-0.004276,0.020769
1765408018.890421,-6.544715,5.307866,-4.817072,0.004123,-0.004123,0.015577
1765408018.893415,-6.454447,5.390362,-4.960545,0.000458,0.000611,0.014203
1765408018.895393,-6.376135,5.572692,-5.054399,0.002138,0.000611,0.013286
1765408018.898391,-6.365375,5.497369,-5.052008,0.001069,0.000611,0.019090
1765408018.900389,-6.365375,5.497369,-5.052008,0.001069,-0.002443,0.019090
1765408018.903410,-6.323529,5.442969,-5.068747,0.000000,0.001374,0.019548
1765408018.903910,-6.266140,5.390362,-5.167384,-0.001680,-0.001222,0.017562
1765408018.908378,-6.575800,5.469273,-4.849354,-0.002902,-0.006109,0.016952
1765408018.910402,-6.586561,5.512912,-4.767455,-0.002902,0.000458,0.015424
1765408018.913448,-6.586561,5.512912,-4.767455,-0.002902,0.001527,0.015424
1765408018.915374,-6.280488,5.500956,-5.207437,-0.004276,0.002443,0.016493
1765408018.918452,-6.361788,5.490793,-5.108201,-0.000153,-0.002443,0.016799
1765408018.920388,-6.504064,5.445958,-4.861310,0.001527,0.000916,0.016188
1765408018.923406,-6.462219,5.334768,-5.026303,-0.000458,0.000916,0.012981
1765408018.925496,-6.443089,5.459707,-4.937828,-0.003054,0.001527,0.010690
1765408018.926397,-6.490913,5.505738,-4.902558,0.001069,0.000611,0.012217
1765408018.930406,-6.403634,5.497967,-5.033476,0.000916,0.000611,0.014813
1765408018.933399,-6.394069,5.514107,-5.032879,-0.000458,-0.002138,0.012217
1765408018.935434,-6.398851,5.553562,-5.005978,0.001833,0.001527,0.015272
1765408018.938401,-6.333094,5.433404,-5.004782,0.001069,-0.000153,0.013592
1765408018.940423,-6.383308,5.517694,-4.988044,-0.000305,-0.001374,0.010232
1765408018.942437,-6.560855,5.573887,-4.763271,-0.000153,-0.000305,0.013592
1765408018.945468,-6.388689,5.436393,-5.034672,-0.000153,-0.000764,0.013592
1765408018.948458,-6.372549,5.516499,-5.101625,-0.002749,-0.001374,0.012523
1765408018.950380,-6.361788,5.542204,-4.992826,-0.001222,-0.001374,0.011454
1765408018.953475,-6.341463,5.410688,-5.100430,-0.001222,-0.002902,0.013134
1765408018.955465,-6.395265,5.450740,-5.043041,-0.003665,-0.005498,0.012675
1765408018.958492,-6.395265,5.450740,-5.043041,-0.003665,-0.001985,0.012675
1765408018.960571,-6.470587,5.417264,-4.970109,-0.003360,-0.003360,0.010843
1765408018.962506,-6.361788,5.448349,-5.026901,-0.003818,-0.001833,0.009163
1765408018.965569,-6.384504,5.535030,-5.052606,-0.002596,-0.001833,0.009774
1765408018.966577,-6.340267,5.436393,-5.124939,-0.004581,0.003818,0.012675
1765408018.968486,-6.431730,5.471066,-4.942013,-0.002443,-0.003207,0.011759
1765408018.973145,-6.438904,5.413677,-4.939024,-0.004429,0.003665,0.009468
1765408018.973429,-6.327116,5.561931,-5.079507,-0.004276,-0.001374,0.009010
1765408018.977515,-6.323529,5.498565,-5.050214,-0.007178,-0.004123,0.010690
1765408018.980404,-6.353418,5.459110,-5.086082,-0.004734,-0.004123,0.011454
1765408018.983435,-6.296030,5.429220,-5.103419,-0.004276,-0.001374,0.013286
1765408018.985460,-6.341463,5.435197,-5.120755,-0.003207,0.001222,0.011606
1765408018.988407,-6.486728,5.385580,-4.947393,-0.005956,-0.001069,0.007941
1765408018.988907,-6.532759,5.435197,-4.856527,-0.002291,-0.001985,0.009010
1765408018.993495,-6.480750,5.493783,-4.986848,-0.004276,0.003207,0.007941
1765408018.993995,-6.304399,5.506336,-5.150645,-0.004734,0.001069,0.008858
1765408018.998387,-6.311573,5.522476,-5.090865,-0.005651,-0.004276,0.012370
1765408019.000415,-6.457436,5.500956,-4.884026,-0.005651,-0.004734,0.012370
1765408019.003420,-6.425154,5.390961,-4.980870,-0.002902,0.001527,0.008552
1765408019.005403,-6.293638,5.417264,-5.141678,-0.002443,-0.000153,0.007483
1765408019.008416,-6.327713,5.454328,-5.010162,-0.001374,-0.000458,0.006872
1765408019.010388,-6.472381,5.465088,-4.857723,-0.003054,-0.002443,0.008399
1765408019.013472,-6.532759,5.530846,-4.837398,-0.002138,-0.001374,0.009163
1765408019.014481,-6.384504,5.500956,-5.039454,-0.004581,0.001833,0.012370
1765408019.018432,-6.307388,5.459110,-5.142275,-0.004429,-0.002138,0.011912
1765408019.020426,-6.379722,5.396938,-5.008369,-0.001985,-0.006109,0.013286
1765408019.023384,-6.428741,5.374222,-4.977283,-0.002749,-0.003512,0.012065
1765408019.024372,-6.396460,5.417264,-5.017933,-0.001222,0.000153,0.008858
1765408019.026403,-6.403634,5.471066,-4.998804,-0.004429,-0.002291,0.007330
1765408019.030432,-6.371353,5.526661,-5.047823,-0.002138,-0.003512,0.007330
1765408019.033459,-6.330105,5.508130,-5.069345,-0.003971,-0.004123,0.007178
1765408019.035453,-6.385699,5.449545,-5.013151,-0.004276,0.000916,0.007636
1765408019.038442,-6.404830,5.430415,-4.974294,-0.000764,0.001222,0.007636
1765408019.038942,-6.474174,5.483022,-4.950980,-0.002902,0.001374,0.005192
1765408019.043431,-6.438306,5.545791,-4.953371,-0.002749,-0.000764,0.003360
1765408019.045471,-6.371951,5.530248,-5.032280,-0.004734,-0.001374,0.008552
1765408019.048424,-6.299616,5.496173,-5.101625,-0.007025,-0.002443,0.010232
1765408019.049455,-6.403634,5.504542,-5.055595,-0.003665,-0.007483,0.008399
1765408019.053450,-6.529172,5.478240,-4.848756,-0.005040,-0.005651,0.009316
1765408019.055452,-6.460425,5.487804,-4.983261,-0.003665,-0.001985,0.008247
1765408019.058434,-6.406623,5.538019,-5.012554,-0.004581,0.000305,0.005345
1765408019.060475,-6.329506,5.549976,-5.062171,-0.007025,-0.000153,0.008247
1765408019.062538,-6.407221,5.558942,-4.954566,-0.007483,-0.006720,0.006567
1765408019.063472,-6.357006,5.471663,-5.037064,-0.006109,-0.006414,0.008705
1765408019.066471,-6.374940,5.463295,-5.081300,-0.002443,-0.003054,0.007330
1765408019.070516,-6.362983,5.388569,-5.087278,-0.003054,-0.003054,0.009163
1765408019.073414,-6.362983,5.388569,-5.087278,-0.003054,-0.002902,0.009163
1765408019.075391,-6.424557,5.480630,-4.953371,-0.006567,-0.003054,0.003971
1765408019.076407,-6.422165,5.496173,-5.035868,-0.005498,-0.005040,0.007178
1765408019.080406,-6.439501,5.470468,-4.940817,-0.005803,-0.006720,0.004123
1765408019.083398,-6.409612,5.519487,-4.953371,-0.005956,-0.006720,0.002443
1765408019.083898,-6.409612,5.519487,-4.953371,-0.005956,-0.004123,0.002443
1765408019.087524,-6.270922,5.457914,-5.167384,-0.004429,-0.008399,0.006567
1765408019.090391,-6.389287,5.493184,-4.983261,-0.004276,-0.008399,0.003971
1765408019.093393,-6.389287,5.493184,-4.983261,-0.004276,-0.004734,0.003971
1765408019.095400,-6.367766,5.488999,-5.014347,-0.009927,-0.001833,0.006109
1765408019.098377,-6.356408,5.504542,-5.107006,-0.006872,-0.004276,0.005192
1765408019.100386,-6.435317,5.474652,-4.988044,-0.006567,-0.007636,0.003665
1765408019.101377,-6.481946,5.437589,-4.984457,-0.007330,-0.007636,0.005956
1765408019.105400,-6.486130,5.435197,-4.951577,-0.005956,-0.007330,0.005803
1765408019.108385,-6.445480,5.457914,-5.025705,-0.006567,-0.005498,0.002749
1765408019.110429,-6.319942,5.435197,-5.056790,-0.006567,-0.003818,0.002749
1765408019.113417,-6.349832,5.434600,-5.060377,-0.005956,-0.007330,0.005345
1765408019.115431,-6.374940,5.448349,-4.988641,-0.006414,-0.007483,0.002902
1765408019.118439,-6.426350,5.484217,-4.973696,-0.009468,-0.008858,0.005498
1765408019.120564,-6.388091,5.472859,-5.111190,-0.006720,-0.006720,0.002291
1765408019.122458,-6.315159,5.509923,-5.096843,-0.004429,-0.006261,0.003512
1765408019.125482,-6.353418,5.459707,-4.998804,-0.009163,-0.007025,0.002749
1765408019.128515,-6.388091,5.486609,-4.924676,-0.008094,-0.007025,0.003512
1765408019.130417,-6.440697,5.511716,-4.953371,-0.008858,-0.003512,0.003512
1765408019.133568,-6.344451,5.439981,-5.016737,-0.008858,-0.007330,0.003512
1765408019.135500,-6.336082,5.462697,-5.071735,-0.009163,-0.007330,0.005040
1765408019.137543,-6.340267,5.430415,-5.113582,-0.007636,-0.007636,0.006872
1765408019.140507,-6.364179,5.391558,-5.063366,-0.003971,-0.009927,0.005803
1765408019.143450,-6.499282,5.456718,-4.905547,-0.003818,-0.004887,0.004123
1765408019.143950,-6.433524,5.468675,-4.970109,-0.005040,-0.004887,0.003512
1765408019.147449,-6.327116,5.444164,-5.045432,-0.006720,-0.004887,0.000764
1765408019.148432,-6.327116,5.444164,-5.045432,-0.006720,-0.008705,0.000764
1765408019.153412,-6.329506,5.474652,-5.050812,-0.005956,-0.008399,0.003971
1765408019.155415,-6.352223,5.459110,-5.025107,-0.004123,-0.008858,0.005192
1765408019.158414,-6.334290,5.487804,-5.070539,-0.004276,-0.004887,0.003207
1765408019.160416,-6.403036,5.491391,-4.964729,-0.007025,-0.004123,0.004276
1765408019.162527,-6.370157,5.474652,-5.027498,-0.008094,0.000764,0.005498
1765408019.165436,-6.346245,5.504542,-5.053802,-0.008094,-0.001985,0.005040
1765408019.168473,-6.341463,5.467479,-5.009564,-0.010690,-0.006414,0.003054
1765408019.170520,-6.349234,5.417264,-5.029890,-0.009163,-0.006109,0.005651
1765408019.173417,-6.390482,5.399928,-5.059780,-0.006414,-0.005651,0.004581
1765408019.173917,-6.408416,5.426231,-5.010760,-0.006567,-0.004581,0.002749
1765408019.176464,-6.403036,5.459110,-4.947393,-0.005192,-0.005192,0.003512
1765408019.181445,-6.403036,5.480630,-4.969512,-0.009163,-0.004734,0.004276
1765408019.181945,-6.382113,5.484217,-5.041845,-0.007178,-0.004581,0.002138
1765408019.185387,-6.388091,5.460306,-4.998804,-0.005192,-0.006720,0.002902
1765408019.186459,-6.403036,5.454328,-4.994021,-0.004581,-0.003818,0.005192
1765408019.190439,-6.320539,5.491391,-5.040649,-0.004887,-0.003818,0.004123
1765408019.192488,-6.326518,5.497369,-5.068747,-0.005192,-0.005803,0.001680
1765408019.195453,-6.355810,5.488999,-5.016737,-0.005192,-0.005345,0.001833
1765408019.198378,-6.386298,5.500956,-5.008966,-0.005040,-0.005345,0.003818
1765408019.200417,-6.364179,5.443567,-5.058584,-0.005498,-0.008094,0.002291
1765408019.202381,-6.372549,5.439981,-5.017933,-0.006109,-0.006567,0.003054
1765408019.205460,-6.389287,5.430415,-5.049019,-0.006720,-0.006414,0.002291
1765408019.208462,-6.420970,5.462099,-4.983859,-0.006109,-0.003818,0.001069
1765408019.208962,-6.464610,5.498565,-4.964729,-0.004123,-0.004276,0.003971
1765408019.211437,-6.456240,5.469273,-4.956958,-0.005803,-0.005498,0.004734
1765408019.215385,-6.397656,5.496173,-4.990435,-0.005040,-0.004123,0.000764
1765408019.218379,-6.376135,5.473456,-5.013151,-0.003360,-0.005040,0.001833
1765408019.220407,-6.377331,5.426829,-5.000597,-0.009010,-0.003207,0.004581
1765408019.223458,-6.348636,5.460306,-5.059780,-0.009163,-0.004429,0.003054
1765408019.225465,-6.331300,5.526661,-5.113582,-0.005651,-0.005345,0.000916
1765408019.227499,-6.410808,5.508727,-5.018531,-0.006109,-0.007789,0.004123
1765408019.230145,-6.441295,5.496173,-4.927068,-0.005192,-0.006261,0.001680
1765408019.233426,-6.425752,5.524270,-5.008369,-0.004123,-0.003512,0.000611
1765408019.233926,-6.306790,5.460306,-5.123147,-0.008705,-0.005803,0.004887
1765408019.238403,-6.367766,5.463892,-5.058584,-0.008552,-0.005803,0.003360
1765408019.240492,-6.460425,5.457914,-4.945002,-0.008705,-0.003207,0.002291
1765408019.243433,-6.386895,5.488999,-5.021521,-0.004887,-0.003207,-0.001374
1765408019.245454,-6.370157,5.503347,-5.082496,-0.006109,-0.007636,0.002443
1765408019.248443,-6.440100,5.491391,-4.947991,-0.007483,-0.008094,0.004276
1765408019.250440,-6.461023,5.457914,-4.927665,-0.009468,-0.007025,0.001680
1765408019.252519,-6.406623,5.422047,-5.058584,-0.006567,-0.005498,0.004276
1765408019.255469,-6.290052,5.399928,-5.158417,-0.007330,-0.005956,0.002443
1765408019.258403,-6.339669,5.460306,-5.041845,-0.003512,-0.007636,0.002596
1765408019.260415,-6.421568,5.477044,-4.966523,-0.007025,-0.004887,0.000458
1765408019.263457,-6.463414,5.526063,-4.931850,-0.009163,-0.006872,0.001374
1765408019.263957,-6.392873,5.490195,-5.005379,-0.008247,-0.004123,-0.000153
1765408019.268424,-6.317551,5.485413,-5.032280,-0.008858,-0.004887,0.000153
1765408019.270419,-6.299616,5.457914,-5.107604,-0.009010,-0.004734,0.003207
1765408019.272423,-6.352223,5.456718,-5.014945,-0.009316,-0.009163,0.002443
1765408019.275538,-6.450262,5.449545,-4.895384,-0.006872,-0.009163,-0.001527
1765408019.278509,-6.463414,5.463295,-4.927665,-0.006872,-0.005651,-0.001527
1765408019.280436,-6.390482,5.490195,-5.069345,-0.008247,-0.006872,0.001985
1765408019.283428,-6.307986,5.514107,-5.103419,-0.008247,-0.006414,0.001985
1765408019.283928,-6.362983,5.483022,-5.035868,-0.004887,-0.006720,0.001680
1765408019.286462,-6.390482,5.434002,-4.995217,-0.009316,-0.006720,0.000916
1765408019.290599,-6.358201,5.469871,-5.068747,-0.007789,-0.005956,0.000305
1765408019.292474,-6.345647,5.490195,-5.059780,-0.005803,-0.006872,0.000916
1765408019.295990,-6.389287,5.466283,-4.955762,-0.006261,-0.007330,0.001527
1765408019.297469,-6.449067,5.479434,-4.963534,-0.008247,-0.007178,-0.000611
1765408019.298460,-6.380917,5.495575,-5.038259,-0.007483,-0.004887,0.001680
1765408019.303407,-6.304399,5.461501,-5.111190,-0.006261,-0.003512,0.002596
1765408019.305493,-6.367766,5.406504,-4.980870,-0.005956,-0.006109,0.001833
1765408019.308412,-6.435915,5.436991,-4.968914,-0.007330,-0.006109,0.001527
1765408019.310400,-6.435915,5.436991,-4.968914,-0.007330,-0.005345,0.001527
1765408019.313403,-6.343854,5.517096,-5.078909,-0.005956,-0.006720,0.000305
1765408019.315502,-6.418579,5.505141,-4.974891,-0.005498,-0.006109,0.001069
1765408019.318380,-6.440100,5.480630,-4.950382,-0.006567,-0.007941,0.000611
1765408019.320373,-6.398851,5.480032,-5.027498,-0.008705,-0.007941,-0.000916
1765408019.323405,-6.324724,5.441773,-5.047823,-0.007178,-0.002749,0.000916
1765408019.325446,-6.362983,5.430415,-4.974891,-0.009468,-0.005803,0.000305
1765408019.328430,-6.359397,5.462697,-5.002988,-0.006872,-0.007330,0.000916
1765408019.328930,-6.306790,5.472261,-5.113582,-0.004581,-0.005345,0.003207
1765408019.333394,-6.277498,5.474652,-5.123147,-0.006261,-0.005345,0.000458
1765408019.335420,-6.277498,5.474652,-5.123147,-0.006261,-0.007789,0.000458
1765408019.338397,-6.461023,5.484217,-4.903754,-0.008094,-0.005956,0.003360
1765408019.340383,-6.391678,5.465088,-5.044834,-0.006261,-0.002291,0.001222
1765408019.343398,-6.327713,5.435197,-5.063366,-0.006567,-0.004887,-0.000611
1765408019.345384,-6.330702,5.456718,-5.009564,-0.008399,-0.005345,0.001069
1765408019.346459,-6.345647,5.467479,-5.004184,-0.005498,-0.005040,0.001069
1765408019.350389,-6.297823,5.499760,-5.167982,-0.004123,-0.004276,0.001527
1765408019.353429,-6.291247,5.473456,-5.141080,-0.006720,-0.006109,0.000916
1765408019.355467,-6.404232,5.456718,-4.971903,-0.007483,-0.010996,-0.000458
1765408019.358419,-6.444882,5.448947,-4.895982,-0.004581,-0.006567,0.000458
1765408019.360427,-6.386895,5.464490,-5.053802,-0.005345,-0.003512,0.001069
1765408019.363427,-6.302605,5.461501,-5.120158,-0.008399,-0.005651,0.000764
1765408019.365392,-6.347440,5.477044,-4.997608,-0.009163,-0.006414,-0.002138
1765408019.366493,-6.347440,5.477044,-4.997608,-0.009163,-0.005956,-0.002138
1765408019.370465,-6.366570,5.502749,-5.077714,-0.008705,-0.008094,0.000458
1765408019.373514,-6.371353,5.468675,-5.026303,-0.009621,-0.006261,0.000153
1765408019.375382,-6.422763,5.438785,-4.925872,-0.005040,-0.011301,0.001527
1765408019.378452,-6.451458,5.465686,-4.972501,-0.010843,-0.009468,0.000305
1765408019.380407,-6.420372,5.512912,-5.001793,-0.009010,-0.004887,-0.001222
1765408019.383422,-6.399449,5.491989,-4.986250,-0.007330,-0.005498,0.001527
1765408019.383922,-6.398851,5.484217,-4.928264,-0.010232,-0.009621,0.000458
1765408019.388476,-6.408416,5.498565,-4.995815,-0.006567,-0.004887,0.001222
1765408019.390448,-6.367766,5.478240,-5.070539,-0.007178,-0.006261,0.002291
1765408019.393467,-6.392873,5.454328,-5.008369,-0.007789,-0.009163,0.001680
1765408019.393967,-6.394069,5.452534,-5.007771,-0.008705,-0.003512,0.000611
1765408019.396447,-6.322931,5.457914,-5.056192,-0.008552,-0.005040,0.000916
1765408019.398394,-6.307986,5.471066,-5.072931,-0.006872,-0.006720,0.001069
1765408019.403415,-6.357006,5.477044,-4.976685,-0.005803,-0.006720,0.002291
1765408019.405410,-6.469392,5.456121,-4.983261,-0.005651,-0.008094,0.001680
1765408019.408413,-6.410808,5.447154,-4.995815,-0.008094,-0.006109,0.000611
1765408019.410415,-6.397656,5.456121,-5.050812,-0.008705,-0.004887,0.000764
1765408019.413383,-6.339071,5.467479,-5.055595,-0.008705,-0.009621,0.000458
1765408019.415474,-6.370157,5.529650,-5.081300,-0.006414,-0.006261,0.001527
1765408019.416439,-6.371951,5.474652,-5.019129,-0.006720,-0.006872,0.000305
1765408019.420446,-6.423958,5.443567,-4.942013,-0.006261,-0.008247,0.001527
1765408019.421453,-6.414394,5.463892,-4.940817,-0.007941,-0.005040,0.001069
1765408019.425394,-6.368961,5.470468,-5.102223,-0.006109,-0.005345,0.001985
1765408019.428375,-6.351625,5.459707,-5.050214,-0.007636,-0.009010,-0.002138
1765408019.430378,-6.410808,5.462697,-4.989239,-0.007483,-0.006872,-0.001222
1765408019.433376,-6.382113,5.442371,-5.005978,-0.006872,-0.004887,0.003971
1765408019.435383,-6.362983,5.485413,-5.081898,-0.005956,-0.005956,0.000458
1765408019.436397,-6.443089,5.498565,-4.961740,-0.008247,-0.006720,0.000000
1765408019.439395,-6.433524,5.451339,-4.950980,-0.009774,-0.008552,0.001833
1765408019.441390,-6.359397,5.451936,-5.038259,-0.010537,-0.004276,-0.000458
1765408019.445390,-6.277498,5.498565,-5.115973,-0.008399,-0.005651,-0.002138
1765408019.446426,-6.356408,5.498565,-5.000000,-0.008858,-0.009163,0.000611
1765408019.450397,-6.362386,5.469871,-4.991630,-0.009010,-0.008858,0.001833
1765408019.452409,-6.346245,5.476446,-5.046628,-0.009010,-0.008399,0.003054
1765408019.455528,-6.294834,5.465686,-5.123147,-0.009010,-0.004581,0.003054
1765408019.456506,-6.374940,5.431611,-4.991630,-0.004887,-0.005651,-0.000153
1765408019.460467,-6.443089,5.445360,-4.940219,-0.006720,-0.005651,-0.000916
1765408019.462404,-6.443089,5.445360,-4.940219,-0.006720,-0.006720,-0.000916
1765408019.465518,-6.348636,5.527258,-5.068747,-0.005803,-0.007330,0.001069
1765408019.468514,-6.359994,5.487804,-5.030488,-0.005803,-0.007178,-0.002443
1765408019.469014,-6.392873,5.493783,-4.949785,-0.008094,-0.005803,-0.000611
1765408019.477297,-6.373146,5.477044,-5.069345,-0.010232,-0.005956,0.000611
1765408019.477797,-6.312768,5.426829,-5.133906,-0.009163,-0.008399,-0.000305
1765408019.477468,-6.374940,5.450740,-4.977283,-0.007941,-0.009010,-0.000611
1765408019.480438,-6.375537,5.475848,-5.038259,-0.007178,-0.007025,-0.001222
1765408019.481455,-6.293638,5.497369,-5.111788,-0.008552,-0.006109,-0.001985
1765408019.485532,-6.352223,5.529650,-5.111788,-0.010232,-0.008858,-0.002749
1765408019.486471,-6.457436,5.468675,-4.917503,-0.006872,-0.008094,-0.000764
1765408019.490447,-6.478956,5.450740,-4.891200,-0.008858,-0.005192,-0.001985
1765408019.492468,-6.414394,5.499760,-5.045432,-0.009163,-0.005192,-0.002443
1765408019.495428,-6.287063,5.454328,-5.159612,-0.009316,-0.007941,0.000916
1765408019.498465,-6.426350,5.459110,-4.955762,-0.006720,-0.007941,0.000611
1765408019.500374,-6.503467,5.468675,-4.837398,-0.008247,-0.005040,0.000000
1765408019.501384,-6.342060,5.500956,-5.114179,-0.007025,-0.003665,0.001069
1765408019.505387,-6.251792,5.511118,-5.198469,-0.005803,-0.003665,0.000000
1765408019.506445,-6.251792,5.511118,-5.198469,-0.005803,-0.008705,0.000000
1765408019.510462,-6.473577,5.456718,-4.846365,-0.008552,-0.007025,0.000458
1765408019.513461,-6.469392,5.445958,-4.965327,-0.009468,-0.007483,-0.001680
1765408019.515397,-6.354016,5.499760,-5.109994,-0.009468,-0.006414,-0.000916
1765408019.516374,-6.354614,5.480630,-5.104016,-0.009621,-0.006414,-0.000916
1765408019.520392,-6.354614,5.480630,-5.104016,-0.009621,-0.008247,-0.000916
1765408019.523503,-6.444284,5.494978,-4.917503,-0.007330,-0.005040,-0.001680
1765408019.525435,-6.330702,5.492587,-5.145863,-0.007330,-0.005040,0.001680
1765408019.528457,-6.294236,5.450740,-5.077714,-0.007789,-0.007483,-0.001527
1765408019.528957,-6.390482,5.483022,-4.909133,-0.009621,-0.009163,-0.002596
1765408019.533398,-6.474174,5.472261,-4.909133,-0.006567,-0.008858,-0.002291
1765408019.535383,-6.401242,5.481228,-5.083093,-0.007025,-0.006261,-0.002902
1765408019.538403,-6.364777,5.477044,-5.084887,-0.007330,-0.003818,-0.000305
1765408019.540420,-6.417981,5.445360,-4.931252,-0.009621,-0.006261,-0.001374
1765408019.543428,-6.461023,5.477044,-4.930057,-0.009621,-0.007789,-0.001069
1765408019.543928,-6.379124,5.493184,-5.032280,-0.008858,-0.003512,0.000916
1765408019.548460,-6.287661,5.481826,-5.138689,-0.006567,-0.010079,0.000305
1765408019.550454,-6.298420,5.425633,-5.058584,-0.007330,-0.010079,-0.003512
1765408019.552428,-6.377929,5.456718,-5.023911,-0.007330,-0.005345,-0.003512
1765408019.555422,-6.370157,5.520085,-5.054399,-0.006109,-0.009621,-0.001680
1765408019.558435,-6.328311,5.498565,-5.104016,-0.008552,-0.008094,-0.003971
1765408019.560458,-6.367766,5.436393,-4.970109,-0.010690,-0.006414,-0.000916
1765408019.563419,-6.423958,5.484217,-4.955762,-0.009774,-0.004276,0.000000
1765408019.565483,-6.341463,5.523672,-5.081898,-0.007178,-0.004734,-0.001222
1765408019.568424,-6.259564,5.489598,-5.134504,-0.007789,-0.007330,-0.001069
1765408019.570392,-6.330702,5.450740,-5.013151,-0.009621,-0.008094,-0.001374
1765408019.573420,-6.394069,5.473456,-4.980272,-0.007178,-0.008858,-0.001985
1765408019.575516,-6.456838,5.529650,-5.013151,-0.006872,-0.006567,-0.002902
1765408019.577488,-6.364777,5.468675,-5.029890,-0.008094,-0.004276,0.001069
1765408019.580470,-6.307986,5.428621,-5.081300,-0.009163,-0.008858,-0.000305
1765408019.583432,-6.312768,5.472261,-5.084887,-0.009774,-0.010843,-0.000916
1765408019.584428,-6.324127,5.500956,-5.071735,-0.009163,-0.005498,-0.000305
1765408019.588376,-6.403634,5.429220,-4.933643,-0.009316,-0.007483,-0.001374
1765408019.589379,-6.464610,5.461501,-4.905547,-0.005651,-0.008247,-0.002443
1765408019.593469,-6.388091,5.452534,-5.071735,-0.009468,-0.008247,-0.001833
1765408019.595415,-6.345647,5.465088,-5.121353,-0.010232,-0.005803,-0.001069
1765408019.597465,-6.414394,5.474652,-4.956958,-0.008094,-0.005956,-0.000611
1765408019.600370,-6.403634,5.468675,-4.978478,-0.005803,-0.009010,0.000458
1765408019.603371,-6.376135,5.481826,-5.051410,-0.007789,-0.007941,-0.002902
1765408019.605463,-6.363582,5.472261,-5.047823,-0.006261,-0.008552,-0.001069
1765408019.608405,-6.422763,5.455523,-4.947393,-0.006567,-0.008552,0.000305
1765408019.610388,-6.413199,5.465088,-4.930655,-0.009316,-0.006109,-0.000458
1765408019.613381,-6.369559,5.475848,-5.072931,-0.009316,-0.004429,-0.002291
1765408019.615407,-6.325920,5.472261,-5.053204,-0.009316,-0.007483,-0.000611
1765408019.618393,-6.370157,5.480630,-4.971903,-0.007178,-0.005040,-0.002291
1765408019.620389,-6.412003,5.499760,-5.012554,-0.006261,-0.004123,-0.001069
1765408019.623408,-6.342060,5.477044,-5.049019,-0.008094,-0.007025,0.000000
1765408019.625388,-6.406623,5.471066,-4.982065,-0.009010,-0.004734,0.000916
1765408019.628418,-6.409612,5.450143,-4.955762,-0.006720,-0.004887,0.001069
1765408019.629487,-6.334887,5.476446,-5.054399,-0.007789,-0.006872,-0.000916
1765408019.633475,-6.294834,5.480630,-5.114777,-0.008552,-0.006872,0.000000
1765408019.635380,-6.367766,5.449545,-5.034074,-0.009316,-0.008858,0.000916
1765408019.638369,-6.409612,5.444763,-4.939024,-0.005651,-0.010385,-0.001374
1765408019.640489,-6.357006,5.496771,-5.045432,-0.007789,-0.007178,0.000000
1765408019.642401,-6.268531,5.479434,-5.170970,-0.007178,-0.007025,0.000305
1765408019.645371,-6.366570,5.437589,-5.001793,-0.011454,-0.008705,0.000611
1765408019.648417,-6.469392,5.462099,-4.855332,-0.008858,-0.007636,-0.001985
1765408019.650405,-6.447871,5.486609,-4.925275,-0.007941,-0.006414,-0.000764
1765408019.651394,-6.351027,5.465088,-5.147058,-0.008705,-0.001374,-0.001985
1765408019.655419,-6.285270,5.431611,-5.069345,-0.008705,-0.005651,-0.000153
1765408019.658425,-6.408416,5.472859,-4.950382,-0.009010,-0.010996,0.001222
1765408019.660403,-6.425154,5.502152,-4.971305,-0.007025,-0.008552,-0.001680
1765408019.663432,-6.296030,5.494380,-5.148851,-0.007636,-0.007330,-0.001069
1765408019.665452,-6.300812,5.456121,-5.129124,-0.009927,-0.007330,-0.001222
1765408019.668414,-6.438306,5.456718,-4.852343,-0.009927,-0.007178,-0.001222
1765408019.670419,-6.549497,5.479434,-4.836202,-0.006872,-0.007636,0.001374
1765408019.672513,-6.469392,5.448349,-4.997608,-0.008247,-0.004429,0.000458
1765408019.675946,-6.339071,5.453730,-5.058584,-0.008858,-0.007483,-0.000458
1765408019.678406,-6.369559,5.469871,-4.978478,-0.011454,-0.007483,-0.001069
1765408019.680412,-6.369559,5.469871,-4.978478,-0.011454,-0.007636,-0.001069
1765408019.683412,-6.359397,5.471663,-5.062171,-0.007941,-0.006567,-0.000916
1765408019.685509,-6.317551,5.468675,-5.059780,-0.007178,-0.006567,-0.001222
1765408019.687427,-6.397656,5.456718,-4.950382,-0.009927,-0.004734,-0.001222
1765408019.690544,-6.422763,5.490195,-4.939024,-0.007636,-0.006414,-0.003054
1765408019.693462,-6.422763,5.490195,-4.939024,-0.007636,-0.007330,-0.003054
1765408019.694374,-6.357006,5.460306,-5.032879,-0.009927,-0.007178,-0.001069
1765408019.698376,-6.377331,5.462697,-4.992826,-0.008094,-0.007178,0.002138
1765408019.700451,-6.342658,5.475848,-4.987445,-0.010232,-0.005803,-0.000611
1765408019.703382,-6.307388,5.484815,-5.105212,-0.009468,-0.005192,-0.002596
1765408019.705380,-6.237445,5.504542,-5.187110,-0.006872,-0.007025,0.001069
1765408019.708404,-6.408416,5.432806,-4.894787,-0.007025,-0.006261,-0.001374
1765408019.710444,-6.492108,5.484217,-4.919894,-0.009621,-0.006261,-0.001527
1765408019.711425,-6.455643,5.465088,-5.001195,-0.009468,-0.005803,-0.003818
1765408019.715472,-6.320539,5.480630,-5.094451,-0.009927,-0.007330,-0.002749
1765408019.718462,-6.328311,5.473456,-5.031085,-0.006720,-0.007178,0.000916
1765408019.720455,-6.341463,5.495575,-5.049019,-0.008858,-0.009621,-0.000611
1765408019.723451,-6.371353,5.540411,-5.049019,-0.005956,-0.008552,-0.000611
1765408019.725403,-6.453251,5.460306,-4.980870,-0.009163,-0.009468,-0.001069
1765408019.728409,-6.422763,5.445360,-4.933046,-0.007636,-0.005345,0.000458
1765408019.730460,-6.382113,5.468077,-5.034074,-0.008399,-0.005345,0.000000
1765408019.733455,-6.251792,5.481826,-5.135102,-0.006567,-0.005803,0.001222
1765408019.734453,-6.315159,5.479434,-5.066355,-0.008552,-0.009163,-0.000764
1765408019.736498,-6.353418,5.471066,-4.986848,-0.008552,-0.005192,-0.000764
1765408019.740433,-6.413199,5.496173,-5.046628,-0.008094,-0.009621,-0.001069
1765408019.743392,-6.398851,5.460306,-5.001195,-0.005192,-0.007025,0.000916
1765408019.745383,-6.398851,5.460306,-5.001195,-0.005192,-0.007636,0.000916
1765408019.746438,-6.307986,5.438187,-5.097441,-0.007789,-0.007941,0.000153
1765408019.750413,-6.389287,5.448349,-5.007173,-0.010232,-0.008858,-0.001985
1765408019.751430,-6.475370,5.469273,-4.897178,-0.008399,-0.006872,-0.000764
1765408019.755437,-6.406025,5.459110,-5.047225,-0.007178,-0.005803,-0.001985
1765408019.758427,-6.329506,5.501554,-5.087278,-0.009010,-0.003512,-0.002138
1765408019.760509,-6.307986,5.459110,-5.046628,-0.006872,-0.008552,-0.000305
1765408019.763372,-6.373146,5.474652,-4.998206,-0.008552,-0.010385,0.000611
1765408019.765438,-6.449067,5.475250,-4.960545,-0.007025,-0.004276,-0.000153
1765408019.768428,-6.376135,5.438187,-5.015543,-0.004734,-0.007941,-0.000764
1765408019.770542,-6.394069,5.463892,-5.004184,-0.006720,-0.007025,-0.001069
1765408019.773423,-6.318148,5.484815,-5.123744,-0.009163,-0.005651,-0.000611
1765408019.773923,-6.319942,5.478240,-5.063366,-0.006872,-0.005803,0.000000
1765408019.778425,-6.416785,5.491391,-4.970109,-0.006567,-0.007789,0.000916
1765408019.778925,-6.471783,5.493184,-4.897178,-0.008552,-0.008399,-0.000305
1765408019.785257,-6.395862,5.469871,-5.028096,-0.008399,-0.007330,-0.000458
1765408019.785757,-6.394069,5.475848,-5.035270,-0.009468,-0.005498,-0.000458
1765408019.787477,-6.423361,5.463892,-4.960545,-0.010690,-0.004581,-0.000764
1765408019.790410,-6.392873,5.505141,-5.021521,-0.010232,-0.008705,0.002443
1765408019.793419,-6.341463,5.480032,-5.037064,-0.006720,-0.006261,-0.000153
1765408019.795385,-6.353418,5.471663,-5.062171,-0.007941,-0.005192,-0.000305
1765408019.798377,-6.434122,5.425035,-4.917503,-0.009163,-0.010843,0.000458
1765408019.800410,-6.417981,5.483619,-5.027498,-0.009927,-0.007636,-0.001833
1765408019.803393,-6.378526,5.492587,-5.040052,-0.009927,-0.005803,-0.001833
1765408019.805378,-6.351027,5.461501,-5.028694,-0.006567,-0.007941,-0.003207
1765408019.808414,-6.395265,5.467479,-4.976087,-0.006872,-0.008247,0.000611
1765408019.810395,-6.351027,5.500956,-5.063964,-0.007636,-0.004734,-0.000153
1765408019.813444,-6.281683,5.508130,-5.114777,-0.008247,-0.004734,-0.001833
1765408019.814383,-6.345049,5.450740,-5.000000,-0.007636,-0.009010,-0.001374
1765408019.818440,-6.452654,5.447752,-4.906743,-0.008399,-0.006720,-0.000305
1765408019.820404,-6.458632,5.499760,-4.965327,-0.005040,-0.008094,-0.001069
1765408019.823393,-6.355810,5.478240,-5.056192,-0.009316,-0.007330,-0.000764
1765408019.826411,-6.367766,5.474055,-5.039454,-0.008247,-0.007330,-0.000305
1765408019.827498,-6.389287,5.456121,-4.960545,-0.007941,-0.007941,-0.001374
1765408019.830425,-6.402438,5.481228,-5.011955,-0.006720,-0.006109,-0.001833
1765408019.833393,-6.402438,5.481228,-5.011955,-0.006720,-0.006567,-0.001833
1765408019.835490,-6.437110,5.428621,-4.946795,-0.010385,-0.005651,-0.000305
1765408019.837467,-6.352223,5.491391,-5.029890,-0.012675,-0.005651,0.000000
1765408019.840443,-6.311573,5.471066,-5.138689,-0.008399,-0.004276,-0.001833
1765408019.843443,-6.333094,5.483022,-5.025107,-0.006567,-0.007789,-0.002902
1765408019.845414,-6.331898,5.445958,-5.012554,-0.008247,-0.008705,-0.001527
1765408019.848400,-6.298420,5.460903,-5.114777,-0.009468,-0.007483,0.002291
1765408019.850508,-6.348039,5.464490,-5.029292,-0.010079,-0.007483,-0.000305
1765408019.853409,-6.431133,5.463892,-4.930655,-0.006414,-0.008247,0.001374
1765408019.855402,-6.450262,5.451936,-4.966523,-0.010232,-0.007178,-0.000458
1765408019.856396,-6.319942,5.499760,-5.096843,-0.007941,-0.005498,0.001069
1765408019.860452,-6.302008,5.457914,-5.129124,-0.006414,-0.008552,0.000305
1765408019.863397,-6.431133,5.475848,-4.878048,-0.008705,-0.004276,0.000458
1765408019.865418,-6.469392,5.474652,-4.907938,-0.005651,-0.009010,-0.001680
1765408019.868498,-6.374341,5.437589,-5.055595,-0.006567,-0.005651,-0.002291
1765408019.870476,-6.330702,5.453132,-5.070539,-0.008858,-0.005651,-0.000305
1765408019.872483,-6.345647,5.469871,-4.991033,-0.009621,-0.004429,0.000764
1765408019.875517,-6.346245,5.511716,-5.059181,-0.008094,-0.007178,-0.000153
1765408019.878437,-6.367766,5.486011,-5.044237,-0.007330,-0.005345,0.001069
1765408019.880452,-6.435317,5.457316,-4.934839,-0.006872,-0.005803,-0.001069
1765408019.881571,-6.443089,5.459110,-4.948589,-0.010537,-0.005803,0.000611
1765408019.885285,-6.380917,5.502749,-5.015543,-0.006872,-0.005651,0.002443
1765408019.888434,-6.383906,5.460306,-5.004782,-0.007025,-0.003512,-0.000916
1765408019.890382,-6.392873,5.457914,-4.945002,-0.009163,-0.008858,-0.001069
1765408019.891390,-6.384504,5.484217,-5.026303,-0.008705,-0.004887,-0.000611
1765408019.895428,-6.311573,5.514107,-5.136896,-0.006261,-0.004887,-0.001374
1765408019.898438,-6.270324,5.462697,-5.080105,-0.007483,-0.007178,-0.001527
1765408019.900461,-6.372549,5.436991,-4.943208,-0.008858,-0.010537,-0.000611
1765408019.903400,-6.404830,5.457316,-4.987445,-0.010843,-0.007636,-0.001374
1765408019.904434,-6.404830,5.457316,-4.987445,-0.010843,-0.004276,-0.001374
1765408019.908382,-6.305594,5.466882,-5.129124,-0.007483,-0.006872,0.000916
1765408019.910464,-6.357006,5.471066,-5.038259,-0.008094,-0.006720,-0.001985
1765408019.913418,-6.404232,5.481826,-5.062171,-0.008858,-0.008399,-0.000305
1765408019.915411,-6.394069,5.434600,-4.965327,-0.009316,-0.008399,0.000000
1765408019.917453,-6.394069,5.434600,-4.965327,-0.009316,-0.005040,0.000000
1765408019.920453,-6.437708,5.456718,-4.970109,-0.009316,-0.005498,-0.001985
1765408019.922485,-6.358799,5.493184,-5.072333,-0.009927,-0.007178,-0.001680
1765408019.923421,-6.410210,5.471066,-5.016140,-0.009010,-0.008858,-0.002291
1765408019.926423,-6.452654,5.456121,-4.952175,-0.006720,-0.008399,-0.001374
1765408019.930383,-6.428741,5.493783,-5.005978,-0.008247,-0.005498,-0.001222
1765408019.933405,-6.403634,5.464490,-4.998206,-0.005651,-0.008552,-0.000153
1765408019.935399,-6.408416,5.445958,-4.946795,-0.005956,-0.004887,0.000611
1765408019.938404,-6.386895,5.478240,-5.000597,-0.008094,-0.006109,-0.000611
1765408019.939389,-6.315159,5.494978,-5.076518,-0.007178,-0.006109,-0.000458
1765408019.941399,-6.310377,5.484217,-5.075920,-0.008247,-0.002902,-0.002443
1765408019.945389,-6.447871,5.418459,-4.915709,-0.006567,-0.008247,-0.000458
1765408019.948385,-6.377331,5.471066,-4.997608,-0.008552,-0.007025,-0.002596
1765408019.950421,-6.304996,5.474652,-5.097441,-0.005956,-0.004429,-0.001222
1765408019.953428,-6.319942,5.485413,-5.062768,-0.006872,-0.007178,-0.000611
1765408019.953928,-6.380917,5.466882,-4.989837,-0.009316,-0.007483,-0.000611
1765408019.958374,-6.420970,5.484815,-4.974891,-0.006720,-0.005651,-0.001374
1765408019.959425,-6.401841,5.477641,-4.947393,-0.008552,-0.005498,-0.000764
1765408019.962534,-6.401841,5.477641,-4.947393,-0.008552,-0.006414,-0.000764
1765408019.965458,-6.360592,5.481826,-5.033476,-0.007789,-0.008247,-0.000916
1765408019.966526,-6.297225,5.484217,-5.154232,-0.006567,-0.003971,0.001985
1765408019.970461,-6.332496,5.438785,-5.039454,-0.005498,-0.006261,0.000305
1765408019.973442,-6.416785,5.474652,-4.947393,-0.008399,-0.008399,-0.001985
1765408019.975457,-6.416785,5.474652,-4.947393,-0.008399,-0.005956,-0.001985
1765408019.978434,-6.323529,5.480032,-5.077714,-0.009163,-0.004123,-0.001833
1765408019.980402,-6.382710,5.472859,-4.982065,-0.007941,-0.005651,0.000000
1765408019.983409,-6.348636,5.477044,-5.069345,-0.008705,-0.004581,-0.001222
1765408019.985421,-6.349832,5.467479,-5.081300,-0.008247,-0.005345,-0.001222
1765408019.988394,-6.365375,5.486609,-5.066953,-0.009010,-0.006261,-0.002749
1765408019.990386,-6.474771,5.444763,-4.923481,-0.010079,-0.010843,-0.001680
1765408019.993450,-6.469392,5.463892,-4.991630,-0.011148,-0.006720,-0.000458
1765408019.995423,-6.371951,5.487804,-5.045432,-0.009010,-0.006414,-0.000153
1765408019.996418,-6.343256,5.448947,-5.035868,-0.008552,-0.006414,-0.000305
1765408020.000380,-6.371353,5.468675,-5.000000,-0.007636,-0.004734,0.000000
1765408020.003380,-6.402438,5.477641,-5.010760,-0.008094,-0.007025,0.000916
1765408020.005402,-6.402438,5.475848,-5.016737,-0.009927,-0.005345,0.000458
1765408020.008380,-6.441893,5.454328,-4.910927,-0.010385,-0.008094,-0.001527
1765408020.010550,-6.412003,5.471663,-4.954566,-0.011759,-0.008094,-0.001222
1765408020.013467,-6.366570,5.472859,-5.054996,-0.009774,-0.005498,0.000764
1765408020.015462,-6.324724,5.460306,-5.047823,-0.009927,-0.005651,0.000305
1765408020.018449,-6.412601,5.469871,-4.940219,-0.008247,-0.006720,-0.000153
1765408020.018949,-6.460425,5.506934,-4.939621,-0.007789,-0.006567,-0.000611
1765408020.021445,-6.331898,5.487206,-5.121951,-0.007636,-0.005040,-0.000916
1765408020.025429,-6.316355,5.497967,-5.093256,-0.008705,-0.009468,0.001222
1765408020.028457,-6.391678,5.481826,-4.909133,-0.007941,-0.005040,-0.000305
1765408020.030373,-6.415590,5.476446,-4.990435,-0.009621,-0.007025,0.000153
1765408020.033466,-6.351027,5.511716,-5.093854,-0.008858,-0.005651,-0.001833
1765408020.035386,-6.373744,5.499760,-5.049019,-0.009010,-0.003818,-0.001222
1765408020.038377,-6.389884,5.488999,-5.017933,-0.007330,-0.008094,-0.000916
1765408020.040369,-6.455643,5.487804,-4.972501,-0.005651,-0.007330,0.000458
1765408020.043462,-6.401841,5.487804,-4.960545,-0.008858,-0.006872,-0.001069
1765408020.045405,-6.409612,5.445360,-4.970109,-0.009927,-0.009010,-0.003818
1765408020.048463,-6.390482,5.490195,-4.983261,-0.008247,-0.005192,-0.002596
1765408020.050417,-6.352223,5.488999,-5.100430,-0.008399,-0.002138,0.000000
1765408020.053454,-6.330702,5.470468,-5.086680,-0.009774,-0.007330,-0.002291
1765408020.055403,-6.371353,5.476446,-4.977283,-0.007789,-0.007330,-0.001069
1765408020.058391,-6.371353,5.476446,-4.977283,-0.007789,-0.009927,-0.001069
1765408020.060432,-6.346245,5.483022,-5.139287,-0.007789,-0.006567,-0.001069
1765408020.063448,-6.397058,5.482424,-4.979674,-0.007178,-0.006109,0.000611
1765408020.065433,-6.440697,5.432806,-4.927068,-0.007483,-0.010385,-0.000305
1765408020.066459,-6.406025,5.425035,-5.020325,-0.010385,-0.010385,0.000305
1765408020.070432,-6.341463,5.518889,-5.096843,-0.008094,-0.004581,-0.002596
1765408020.071403,-6.365973,5.462697,-5.049019,-0.007025,-0.006872,-0.001222
1765408020.073452,-6.437110,5.453132,-4.964131,-0.006872,-0.008399,-0.000458
1765408020.077427,-6.462816,5.499162,-4.968914,-0.008399,-0.004887,-0.001222
1765408020.080417,-6.400047,5.468675,-5.032280,-0.005498,-0.006261,0.001680
1765408020.081471,-6.406025,5.445958,-4.964729,-0.009163,-0.006261,-0.000764
1765408020.085503,-6.406623,5.463892,-4.910329,-0.008858,-0.005192,-0.002138
1765408020.088403,-6.386895,5.448349,-5.084289,-0.008552,-0.005192,0.000153
1765408020.089389,-6.400047,5.507532,-5.048421,-0.009163,-0.007330,-0.000764
1765408020.093427,-6.464610,5.462697,-4.956958,-0.006872,-0.007941,-0.000916
1765408020.095454,-6.450262,5.467479,-4.937828,-0.007483,-0.008705,0.001527
1765408020.098428,-6.402438,5.475848,-4.988044,-0.005651,-0.004734,-0.000916
1765408020.100428,-6.385102,5.457914,-5.044237,-0.009621,-0.004734,0.000764
1765408020.103424,-6.422763,5.432806,-4.883428,-0.009621,-0.006567,0.000764
1765408020.105423,-6.455044,5.484815,-4.940219,-0.010232,-0.005345,0.000000
1765408020.108400,-6.397656,5.488999,-5.046030,-0.003665,-0.007025,-0.000764
1765408020.110497,-6.293638,5.491391,-5.167384,-0.008705,-0.007483,-0.000764
1765408020.113466,-6.362983,5.445958,-5.005379,-0.008399,-0.007941,0.001833
1765408020.115439,-6.362983,5.445958,-5.005379,-0.008399,-0.008858,0.001833
1765408020.118450,-6.455643,5.467479,-4.938426,-0.008399,-0.003665,-0.001069
1765408020.120563,-6.371353,5.487206,-5.089669,-0.009316,-0.003665,-0.000305
1765408020.123373,-6.334887,5.424438,-4.989837,-0.010537,-0.006414,-0.000611
1765408020.125495,-6.386895,5.462697,-4.973099,-0.008552,-0.008399,-0.000916
1765408020.127461,-6.408416,5.459110,-4.992826,-0.008399,-0.005192,0.000153
1765408020.129461,-6.336082,5.535628,-5.175752,-0.008094,-0.005956,-0.001374
1765408020.133427,-6.333094,5.463295,-5.083093,-0.007636,-0.004429,-0.003360
1765408020.135439,-6.374940,5.485413,-4.955762,-0.009010,-0.010690,-0.000611
1765408020.137438,-6.462219,5.472261,-4.940219,-0.007941,-0.004734,0.000000
1765408020.140431,-6.403634,5.502152,-5.038259,-0.008858,-0.004581,-0.000153
1765408020.143429,-6.385699,5.444763,-4.948589,-0.011759,-0.006567,-0.002596
1765408020.145470,-6.418579,5.463295,-4.947991,-0.007636,-0.011148,-0.001527
1765408020.148440,-6.447871,5.457316,-4.950980,-0.010385,-0.007941,-0.000153
1765408020.151386,-6.368961,5.502152,-5.063964,-0.008552,-0.003360,-0.000458
1765408020.153446,-6.359397,5.456718,-5.004184,-0.007941,-0.006109,-0.000305
1765408020.155429,-6.366570,5.456718,-5.002390,-0.009927,-0.005192,0.000153
1765408020.158401,-6.324724,5.467479,-5.106408,-0.006720,-0.005192,0.003207
1765408020.159358,-6.319344,5.498565,-5.053802,-0.006720,-0.004581,0.003207
1765408020.163391,-6.327713,5.447154,-4.972501,-0.008705,-0.010537,-0.000764
1765408020.165175,-6.357006,5.464490,-4.961740,-0.008247,-0.002902,-0.000305
1765408020.166396,-6.334290,5.478240,-5.131516,-0.007636,-0.006567,-0.001985
1765408020.169455,-6.310377,5.490195,-5.069345,-0.009621,-0.005956,-0.001680
1765408020.171433,-6.347440,5.444763,-5.007173,-0.008094,-0.006414,0.002291
1765408020.175448,-6.419775,5.480630,-4.952175,-0.010690,-0.011912,0.000000
1765408020.177428,-6.355212,5.487804,-5.047823,-0.010996,-0.009927,0.000305
1765408020.178434,-6.371951,5.478837,-5.051410,-0.009927,-0.007330,0.000611
1765408020.185187,-6.433524,5.441175,-4.912721,-0.010232,-0.005956,0.000153
1765408020.185687,-6.412003,5.500956,-4.953371,-0.007330,-0.006261,-0.001374
1765408020.188480,-6.319942,5.489598,-5.132113,-0.007483,-0.007483,-0.000611
1765408020.190448,-6.281683,5.485413,-5.108799,-0.008247,-0.004429,-0.001374
1765408020.193434,-6.396460,5.453132,-4.958153,-0.012217,-0.008858,-0.002749
1765408020.195452,-6.473577,5.499760,-4.872070,-0.007941,-0.003665,-0.001527
1765408020.198438,-6.409612,5.476446,-5.080703,-0.005803,-0.005803,-0.001985
1765408020.200416,-6.304399,5.474652,-5.096843,-0.005345,-0.007330,0.000916
1765408020.202489,-6.366570,5.493783,-5.015543,-0.008858,-0.005345,-0.000305
1765408020.205392,-6.400047,5.486609,-4.996412,-0.007483,-0.007330,-0.000764
1765408020.208377,-6.406623,5.473456,-4.990435,-0.007789,-0.008399,-0.001527
1765408020.210379,-6.422763,5.462099,-4.940817,-0.009774,-0.007025,-0.000764
1765408020.211416,-6.400047,5.448349,-4.996412,-0.007178,-0.005192,-0.001985
1765408020.215419,-6.316355,5.469871,-5.121353,-0.009010,-0.005803,-0.001833
1765408020.217459,-6.330702,5.471066,-5.071735,-0.013439,-0.008094,0.000458
1765408020.220396,-6.394069,5.469871,-4.979674,-0.008552,-0.006414,-0.000153
1765408020.223362,-6.403634,5.450143,-5.029890,-0.006109,-0.006414,-0.001069
1765408020.225405,-6.336680,5.494978,-5.105212,-0.009621,-0.008094,-0.001527
1765408020.226371,-6.334887,5.456718,-4.989837,-0.009468,-0.007941,-0.001527
1765408020.230385,-6.421568,5.442969,-4.928861,-0.009468,-0.003665,0.000611
1765408020.233365,-6.408416,5.469871,-5.019129,-0.009163,-0.006109,0.002138
1765408020.236417,-6.316355,5.489598,-5.143471,-0.007025,-0.003512,0.001222
1765408020.238387,-6.284074,5.517096,-5.143471,-0.008705,-0.005803,-0.002291
1765408020.239380,-6.343854,5.480630,-5.056192,-0.008094,-0.006720,-0.001527
1765408020.243418,-6.343854,5.480630,-5.056192,-0.008094,-0.007178,-0.001527
1765408020.245433,-6.410210,5.471066,-4.971305,-0.005651,-0.006567,-0.001985
1765408020.248393,-6.444882,5.474652,-4.927068,-0.007941,-0.003207,0.000000
1765408020.250386,-6.358201,5.469871,-4.985652,-0.009468,-0.006872,-0.000916
1765408020.253437,-6.331898,5.478240,-5.111788,-0.010385,-0.008705,-0.000916
1765408020.255438,-6.383308,5.481826,-5.026303,-0.007178,-0.007636,0.000305
1765408020.256452,-6.498684,5.474055,-4.900765,-0.005040,-0.010537,0.001222
1765408020.260430,-6.429937,5.481826,-4.967718,-0.007636,-0.006109,-0.001222
1765408020.262456,-6.385102,5.487804,-5.031085,-0.009468,-0.004429,-0.000458
1765408020.265427,-6.353418,5.430415,-5.060975,-0.007789,-0.005498,-0.000305
1765408020.268435,-6.380319,5.475848,-4.970109,-0.008247,-0.007941,-0.001222
1765408020.269446,-6.373744,5.486011,-5.014945,-0.006261,-0.006872,-0.000611
1765408020.272475,-6.340864,5.454328,-5.090865,-0.007025,-0.006872,-0.003512
1765408020.275404,-6.386895,5.455523,-4.973696,-0.007025,-0.005040,-0.003512
1765408020.276381,-6.348636,5.478240,-5.065757,-0.008399,-0.006414,0.000764
1765408020.280436,-6.330702,5.444763,-5.078909,-0.006720,-0.005498,-0.001222
1765408020.283388,-6.384504,5.460306,-5.025107,-0.008552,-0.006567,-0.001222
1765408020.285113,-6.396460,5.471066,-4.952175,-0.012370,-0.006567,-0.000305
1765408020.288431,-6.396460,5.471066,-4.952175,-0.012370,-0.008094,-0.000305
1765408020.288931,-6.373146,5.460306,-5.015543,-0.009010,-0.005803,-0.003512
1765408020.292451,-6.427546,5.498565,-4.985652,-0.009621,-0.005803,-0.000916
1765408020.295459,-6.427546,5.498565,-4.985652,-0.009621,-0.006872,-0.000916
1765408020.298389,-6.331300,5.483022,-5.111190,-0.009621,-0.006261,0.000458
1765408020.300446,-6.371951,5.474652,-5.035270,-0.008247,-0.005651,-0.003207
1765408020.303424,-6.468793,5.471066,-4.898971,-0.007330,-0.002902,-0.001222
1765408020.305438,-6.520802,5.483022,-4.917503,-0.009010,-0.002902,-0.001680
1765408020.306391,-6.431133,5.486011,-5.062768,-0.007789,-0.006261,0.000458
1765408020.310370,-6.467000,5.450740,-4.922286,-0.010996,-0.006414,-0.000153
1765408020.313402,-6.472381,5.460306,-4.934242,-0.008247,-0.005956,-0.000916
1765408020.315391,-6.372549,5.467479,-5.058584,-0.005345,-0.008858,-0.003512
1765408020.317418,-6.308584,5.492587,-5.107604,-0.008705,-0.007330,-0.001222
1765408020.320414,-6.345049,5.455523,-5.025107,-0.007789,-0.008705,-0.001069
1765408020.323409,-6.400047,5.427427,-5.009564,-0.007330,-0.007025,-0.000153
1765408020.325371,-6.384504,5.496173,-5.052606,-0.008552,-0.007025,-0.002443
1765408020.328384,-6.385699,5.467479,-4.972501,-0.009163,-0.008552,-0.000305
1765408020.330395,-6.373146,5.419655,-4.960545,-0.010232,-0.006261,-0.001527
1765408020.333433,-6.420372,5.475848,-4.961740,-0.010232,-0.002596,-0.001527
1765408020.335405,-6.352821,5.477641,-5.115973,-0.010079,-0.001985,-0.000916
1765408020.337490,-6.311573,5.511716,-5.111190,-0.007941,-0.004123,-0.000916
1765408020.340409,-6.311573,5.511716,-5.111190,-0.007941,-0.007025,-0.000916
1765408020.343360,-6.421568,5.506934,-4.994021,-0.005498,-0.008705,-0.001222
1765408020.345452,-6.354016,5.483022,-5.077714,-0.005498,-0.005192,0.000000
1765408020.348421,-6.338473,5.497369,-5.020325,-0.008247,-0.007941,0.000153
1765408020.350395,-6.358799,5.437589,-5.001195,-0.008858,-0.007941,0.001374
1765408020.353418,-6.358799,5.437589,-5.001195,-0.008858,-0.007789,0.001374
1765408020.355398,-6.336680,5.499162,-5.114179,-0.010843,-0.009927,0.000153
1765408020.356401,-6.330105,5.469273,-5.092061,-0.008094,-0.009927,-0.000764
1765408020.360409,-6.468196,5.456718,-4.887613,-0.009163,-0.007941,-0.001527
1765408020.363483,-6.475967,5.496173,-4.970109,-0.007636,-0.006414,-0.002749
1765408020.365505,-6.345647,5.442371,-5.044237,-0.008094,-0.008094,-0.001985
1765408020.366454,-6.346245,5.494978,-5.049019,-0.006414,-0.006414,-0.000764
1765408020.370431,-6.362983,5.425633,-5.000000,-0.009774,-0.005345,0.000000
1765408020.373477,-6.343256,5.482424,-5.044237,-0.008552,-0.007789,-0.001374
1765408020.375413,-6.389287,5.466283,-5.057986,-0.008705,-0.007789,-0.002443
1765408020.378463,-6.389287,5.444763,-4.970109,-0.005040,-0.007636,-0.002443
1765408020.380441,-6.504064,5.434002,-4.863701,-0.007025,-0.006414,-0.001069
1765408020.381419,-6.432926,5.471066,-4.968316,-0.007330,-0.003054,-0.001985
1765408020.385453,-6.351625,5.470468,-5.092061,-0.007636,-0.003207,-0.000305
1765408020.387504,-6.342658,5.474055,-5.038259,-0.007636,-0.004429,-0.000305
1765408020.389430,-6.432328,5.449545,-4.884026,-0.010690,-0.010537,-0.001069
1765408020.393382,-6.360592,5.497369,-5.037064,-0.007178,-0.006720,0.000000
1765408020.395391,-6.345049,5.493783,-5.143471,-0.007789,-0.007941,-0.002749
1765408020.398383,-6.272716,5.498565,-5.098039,-0.007789,-0.004276,-0.002749
1765408020.400495,-6.434719,5.439981,-4.903155,-0.007178,-0.009468,0.000000
1765408020.403460,-6.467000,5.461501,-4.959349,-0.007636,-0.010690,-0.000611
1765408020.405457,-6.437110,5.491391,-5.013151,-0.006567,-0.007178,-0.000764
1765408020.408415,-6.346245,5.466283,-5.022716,-0.009010,-0.007178,0.000458
1765408020.410420,-6.354016,5.447154,-5.025705,-0.010079,-0.007789,-0.001374
1765408020.413478,-6.345049,5.493184,-5.040649,-0.009316,-0.009621,-0.003971
1765408020.415399,-6.336082,5.469871,-5.113582,-0.008858,-0.011301,0.000611
1765408020.418384,-6.398253,5.444763,-4.945002,-0.009468,-0.004276,-0.002138
1765408020.420370,-6.416188,5.449545,-4.961740,-0.010690,-0.004276,-0.001069
1765408020.423458,-6.374940,5.472261,-5.072931,-0.008858,-0.007330,-0.000611
1765408020.425405,-6.294834,5.477044,-5.117168,-0.007025,-0.006567,-0.001680
1765408020.428441,-6.318148,5.439981,-5.008369,-0.007941,-0.005803,-0.001069
1765408020.430419,-6.345647,5.466283,-5.035868,-0.010690,-0.003971,-0.001069
1765408020.431472,-6.360592,5.508130,-5.059780,-0.009468,-0.003971,0.000916
1765408020.435416,-6.362386,5.466882,-5.031085,-0.009316,-0.005345,-0.001222
1765408020.438401,-6.379722,5.442371,-4.992228,-0.009774,-0.007483,-0.001069
1765408020.440450,-6.371353,5.477044,-5.008966,-0.005651,-0.004123,-0.002902
1765408020.443411,-6.291247,5.505141,-5.190698,-0.007025,-0.007330,-0.000764
1765408020.445416,-6.330105,5.467479,-5.041845,-0.009468,-0.007330,-0.000458
1765408020.448461,-6.395265,5.488402,-4.980870,-0.006109,-0.006567,0.000305
1765408020.450390,-6.385102,5.468675,-5.011358,-0.007636,-0.007330,-0.003207
1765408020.453416,-6.392275,5.484815,-5.002390,-0.007483,-0.005956,-0.002291
1765408020.455467,-6.450262,5.485413,-4.909133,-0.007178,-0.005040,-0.000764
1765408020.458418,-6.324724,5.487804,-5.079507,-0.010843,-0.005040,0.000611
1765408020.460419,-6.303204,5.460306,-5.093854,-0.007025,-0.005040,0.000153
1765408020.463449,-6.394069,5.456121,-5.000000,-0.009621,-0.005040,-0.001985
1765408020.465426,-6.480152,5.488999,-4.936632,-0.007789,-0.006109,0.000611
1765408020.468482,-6.440697,5.473456,-4.995217,-0.006872,-0.005956,0.003054
1765408020.468982,-6.351625,5.473456,-5.022716,-0.007941,-0.006720,0.003818
1765408020.473388,-6.377331,5.442371,-5.020922,-0.007789,-0.011454,-0.001222
1765408020.475420,-6.402438,5.474652,-4.968914,-0.008705,-0.007483,-0.001985
1765408020.477434,-6.364179,5.495575,-5.077714,-0.010385,-0.007483,-0.000305
1765408020.480448,-6.378526,5.466283,-5.010760,-0.008705,-0.007636,0.000305
1765408020.483386,-6.441893,5.454328,-4.933046,-0.009163,-0.008094,-0.000458
1765408020.485453,-6.449665,5.500956,-4.950980,-0.006567,-0.007636,-0.001069
1765408020.488438,-6.375537,5.483022,-5.047225,-0.010079,-0.007178,0.000764
1765408020.490434,-6.339071,5.435197,-5.028694,-0.006567,-0.007178,-0.001222
1765408020.493386,-6.392873,5.438785,-4.909133,-0.008858,-0.007941,-0.001680
1765408020.495413,-6.391080,5.515303,-5.023911,-0.008705,-0.005651,-0.001069
1765408020.498493,-6.315757,5.490793,-5.112386,-0.007789,-0.001680,-0.000611
1765408020.500489,-6.348636,5.449545,-5.019129,-0.006414,-0.007178,-0.001985
1765408020.503431,-6.412003,5.491391,-4.956958,-0.008094,-0.007178,0.000000
1765408020.505474,-6.390482,5.503347,-5.047225,-0.005345,-0.005498,-0.001222
1765408020.508388,-6.317551,5.492587,-5.096843,-0.004734,-0.006414,0.000611
1765408020.508888,-6.352223,5.481826,-5.016140,-0.007636,-0.006414,-0.001374
1765408020.513381,-6.352223,5.481826,-5.016140,-0.007636,-0.007178,-0.001374
1765408020.513881,-6.429937,5.488999,-4.978478,-0.007789,-0.004734,0.000153
1765408020.517473,-6.449067,5.450740,-4.930655,-0.007789,-0.007483,-0.001833
1765408020.520438,-6.400047,5.461501,-4.962935,-0.007789,-0.009010,0.000611
1765408020.521425,-6.340267,5.500956,-5.120755,-0.008705,-0.007789,-0.001374
1765408020.525463,-6.340267,5.500956,-5.120755,-0.008705,-0.010385,-0.001374
1765408020.526434,-6.423958,5.457316,-4.931850,-0.008247,-0.006720,-0.000153
1765408020.530418,-6.470587,5.484217,-4.907938,-0.005498,-0.005803,0.000153
1765408020.533497,-6.362983,5.454328,-5.075323,-0.006261,-0.008858,-0.001069
1765408020.535381,-6.279292,5.451936,-5.094451,-0.009010,-0.008858,0.000916
1765408020.538377,-6.330702,5.479434,-5.089669,-0.010079,-0.005956,-0.001680
1765408020.540495,-6.300214,5.473456,-5.080105,-0.007330,-0.007789,0.001374
1765408020.543394,-6.377331,5.469273,-5.065160,-0.008705,-0.007789,-0.002443
1765408020.545388,-6.452654,5.465088,-4.919894,-0.007483,-0.006109,0.000000
1765408020.548392,-6.388091,5.477044,-5.020325,-0.007330,-0.006109,-0.003512
1765408020.550437,-6.291247,5.459110,-5.117168,-0.007330,-0.003207,-0.001069
1765408020.551440,-6.364777,5.485413,-5.051410,-0.007789,-0.005345,-0.002138
1765408020.555430,-6.446676,5.494978,-4.878048,-0.009163,-0.008552,0.000764
1765408020.558382,-6.446676,5.494978,-4.878048,-0.009163,-0.005498,0.000764
1765408020.560369,-6.409612,5.477641,-5.025705,-0.009010,-0.005345,-0.002138
1765408020.561432,-6.413199,5.450143,-4.976087,-0.006567,-0.006414,0.000458
1765408020.565665,-6.384504,5.499760,-5.011955,-0.009316,-0.004887,-0.001985
1765408020.567440,-6.308584,5.503347,-5.138689,-0.007636,-0.007636,-0.001833
1765408020.570427,-6.308584,5.503347,-5.138689,-0.007636,-0.009774,-0.001833
1765408020.571376,-6.456240,5.460903,-4.923481,-0.008399,-0.008858,0.000153
1765408020.574456,-6.421568,5.459707,-4.973696,-0.009010,-0.011148,-0.002749
1765408020.576460,-6.341463,5.476446,-5.046628,-0.005651,-0.007789,-0.002443
1765408020.580595,-6.276303,5.437589,-5.089669,-0.009316,-0.006414,0.000153
1765408020.583392,-6.341463,5.469871,-5.037064,-0.010232,-0.007636,-0.000916
1765408020.585422,-6.379722,5.485413,-5.008966,-0.009316,-0.006720,-0.001069
1765408020.588392,-6.426350,5.449545,-4.990435,-0.007941,-0.005651,0.000305
1765408020.588892,-6.388091,5.436393,-4.995217,-0.009468,-0.003665,-0.001374
1765408020.593552,-6.285270,5.487804,-5.101625,-0.005803,-0.003665,-0.001374
1765408020.595445,-6.252390,5.450143,-5.168579,-0.004887,-0.006109,0.000305
1765408020.597543,-6.325920,5.474652,-5.040649,-0.007636,-0.005956,-0.000458
1765408020.600553,-6.376135,5.490195,-5.021521,-0.010079,-0.005345,-0.000458
1765408020.601434,-6.336680,5.454328,-5.092061,-0.008399,-0.004887,0.000153
1765408020.605424,-6.346245,5.478240,-5.020325,-0.007330,-0.004887,-0.002749
1765408020.606399,-6.370755,5.456718,-5.010760,-0.008552,-0.005803,-0.000153
1765408020.610390,-6.405427,5.478240,-5.065757,-0.006414,-0.007025,-0.000764
1765408020.613390,-6.405427,5.478240,-5.065757,-0.006414,-0.003818,-0.000764
1765408020.615400,-6.374940,5.463892,-5.042443,-0.009468,-0.008858,0.000458
1765408020.616396,-6.389884,5.474652,-4.957556,-0.008399,-0.010079,-0.001069
1765408020.618404,-6.401841,5.497369,-4.989837,-0.008858,-0.007178,-0.000153
1765408020.623440,-6.374940,5.454925,-4.968316,-0.009316,-0.004887,-0.000153
1765408020.625398,-6.426350,5.460306,-4.960545,-0.009163,-0.005345,-0.001069
1765408020.627498,-6.366570,5.466283,-5.001793,-0.009468,-0.005803,0.000305
1765408020.630442,-6.266140,5.480630,-5.188904,-0.008705,-0.006872,0.000153
1765408020.631495,-6.307388,5.468675,-5.060975,-0.010079,-0.007789,-0.000611
1765408020.635454,-6.450262,5.472261,-4.855929,-0.008247,-0.008094,-0.002902
1765408020.638430,-6.452654,5.436393,-4.982065,-0.007483,-0.005803,-0.003054
1765408020.640452,-6.334887,5.500956,-5.069345,-0.007178,-0.005498,-0.003207
1765408020.643411,-6.293638,5.473456,-5.071138,-0.008399,-0.005040,-0.000916
1765408020.645403,-6.321137,5.450740,-5.063366,-0.009621,-0.009316,-0.001374
1765408020.648397,-6.391080,5.469871,-5.047225,-0.004276,-0.005803,-0.002443
1765408020.649395,-6.398851,5.478240,-4.984457,-0.007789,-0.005803,-0.001069
1765408020.653386,-6.451458,5.443567,-4.949785,-0.011454,-0.006261,0.000916
1765408020.655383,-6.370157,5.456718,-5.040649,-0.007636,-0.004581,-0.000458
1765408020.656409,-6.331898,5.504542,-5.101625,-0.004581,-0.004734,-0.000458
1765408020.660483,-6.325920,5.443567,-5.041845,-0.007636,-0.008705,-0.000916
1765408020.663406,-6.451458,5.484217,-4.855332,-0.007941,-0.008705,-0.000916
1765408020.665428,-6.451458,5.484217,-4.855332,-0.007941,-0.003512,-0.000916
1765408020.667444,-6.316355,5.503945,-5.127331,-0.006872,-0.003818,0.000000
1765408020.670464,-6.386895,5.469871,-5.031085,-0.008705,-0.006109,0.000611
1765408020.673426,-6.473577,5.448349,-4.872070,-0.010996,-0.010385,-0.000611
1765408020.675439,-6.462219,5.459110,-4.984457,-0.009468,-0.007636,-0.001985
1765408020.676418,-6.365375,5.503347,-5.027498,-0.009468,-0.005956,-0.001833
1765408020.680408,-6.295432,5.436393,-5.070539,-0.010690,-0.004429,-0.000611
1765408020.683454,-6.365375,5.463892,-4.961740,-0.009927,-0.007025,-0.000305
1765408020.685428,-6.365375,5.463892,-4.961740,-0.009927,-0.007483,-0.000305
1765408020.687466,-6.321137,5.466283,-5.087278,-0.008399,-0.009316,-0.001069
1765408020.690463,-6.358799,5.425633,-5.009564,-0.009774,-0.008094,-0.001069
1765408020.693527,-6.339071,5.488999,-5.038259,-0.009468,-0.006720,-0.002443
1765408020.695454,-6.307986,5.487804,-5.120755,-0.010537,-0.006720,0.000000
1765408020.698427,-6.297225,5.485413,-5.076518,-0.009316,-0.007483,-0.001222
1765408020.699437,-6.376733,5.465088,-5.000000,-0.009316,-0.005345,0.000611
1765408020.702580,-6.429937,5.449545,-4.998804,-0.005651,-0.005345,-0.001680
1765408020.705414,-6.357006,5.524270,-5.056790,-0.003360,-0.008399,-0.002443
1765408020.707440,-6.394069,5.448349,-5.052606,-0.007941,-0.008399,-0.001374
1765408020.710386,-6.397656,5.452534,-4.956958,-0.008247,-0.008399,-0.001222
1765408020.713359,-6.416785,5.503347,-5.015543,-0.010232,-0.005345,0.000000
1765408020.715373,-6.304399,5.481826,-5.150047,-0.005345,-0.005345,0.000458
1765408020.717444,-6.299616,5.450740,-5.072333,-0.009774,-0.008858,-0.000153
1765408020.720413,-6.433524,5.473456,-4.872070,-0.005956,-0.008858,0.000764
1765408020.723412,-6.433524,5.473456,-4.872070,-0.005956,-0.009468,0.000764
1765408020.725368,-6.364179,5.520683,-5.060975,-0.009010,-0.006720,-0.000611
1765408020.728360,-6.346245,5.463892,-5.078909,-0.010232,-0.006261,-0.000153
1765408020.730363,-6.379722,5.453132,-4.931850,-0.007789,-0.009468,-0.000305
1765408020.733374,-6.432328,5.510521,-4.998804,-0.006872,-0.006720,0.000916
1765408020.735393,-6.340267,5.524868,-5.082496,-0.007789,-0.004734,0.000764
1765408020.738397,-6.325920,5.459110,-5.058584,-0.009163,-0.005956,-0.001374
1765408020.739469,-6.400645,5.465686,-4.913916,-0.010996,-0.006567,-0.001222
1765408020.743370,-6.417981,5.477044,-5.002988,-0.004734,-0.009163,-0.000916
1765408020.745355,-6.386298,5.482424,-4.999401,-0.007330,-0.004887,-0.000458
1765408020.748374,-6.369559,5.468077,-5.003586,-0.009163,-0.004887,-0.000153
1765408020.750404,-6.298420,5.463892,-5.104615,-0.007178,-0.001374,-0.000305
1765408020.752433,-6.315757,5.470468,-5.126732,-0.006872,-0.005651,0.000611
1765408020.755444,-6.398851,5.503347,-4.972501,-0.004581,-0.007483,-0.001833
1765408020.757439,-6.472978,5.423242,-4.879244,-0.009621,-0.006414,0.000305
1765408020.760454,-6.496891,5.482424,-4.885221,-0.007483,-0.004581,-0.002443
1765408020.763410,-6.395265,5.499760,-5.072931,-0.006720,-0.010537,-0.001069
1765408020.765430,-6.390482,5.445958,-5.029890,-0.007178,-0.010537,0.001222
1765408020.766418,-6.488521,5.493783,-4.913318,-0.008705,-0.008247,-0.001069
1765408020.770454,-6.477761,5.514107,-4.985652,-0.007483,-0.005345,0.001680
1765408020.771503,-6.376733,5.491391,-5.090865,-0.009316,-0.005345,-0.001527
1765408020.775577,-6.432328,5.483022,-4.974891,-0.008705,-0.005498,0.001374
1765408020.778390,-6.454447,5.410688,-4.842180,-0.007941,-0.009010,0.000916
1765408020.780396,-6.481348,5.493783,-4.928264,-0.006414,-0.006414,-0.001222
1765408020.783442,-6.393471,5.484815,-5.059780,-0.004734,-0.003818,0.001069
1765408020.785451,-6.297225,5.424438,-5.092658,-0.010537,-0.008858,0.000305
1765408020.787489,-6.337875,5.448349,-5.049019,-0.009927,-0.007941,-0.000611
1765408020.790399,-6.343854,5.512314,-5.039454,-0.007483,-0.005498,-0.001222
1765408020.793461,-6.258368,5.434002,-5.136298,-0.008705,-0.007178,0.001222
1765408020.795406,-6.339071,5.459110,-5.019727,-0.012065,-0.009010,-0.001222
1765408020.797433,-6.415590,5.439981,-4.907938,-0.007789,-0.006567,-0.001680
1765408020.800491,-6.416785,5.475250,-4.984457,-0.010537,-0.005498,-0.002291
1765408020.803431,-6.324724,5.469871,-5.120755,-0.009163,-0.002291,-0.001069
1765408020.805436,-6.286465,5.466882,-5.090865,-0.009163,-0.006261,0.001374
1765408020.808458,-6.342658,5.475250,-4.997608,-0.007636,-0.007636,0.000305
1765408020.810437,-6.354614,5.511716,-5.064562,-0.006261,-0.006720,-0.003054
1765408020.811433,-6.321137,5.477641,-5.049019,-0.009927,-0.007178,0.001069
1765408020.815421,-6.425154,5.436991,-4.998804,-0.009316,-0.008094,-0.001374
1765408020.818430,-6.425154,5.460903,-4.939024,-0.006261,-0.005803,0.000458
1765408020.818930,-6.359397,5.508130,-5.086082,-0.005192,-0.004581,0.000153
1765408020.823362,-6.291247,5.512912,-5.163797,-0.006567,-0.007178,-0.000153
1765408020.825392,-6.322333,5.444763,-5.038259,-0.008552,-0.009010,-0.000764
1765408020.828381,-6.398851,5.460306,-4.958153,-0.006109,-0.006720,0.000153
1765408020.830371,-6.355810,5.499760,-5.074127,-0.008399,-0.007178,0.000458
1765408020.833400,-6.361788,5.466283,-5.046628,-0.008094,-0.009927,-0.001222
1765408020.835467,-6.374940,5.423242,-5.003586,-0.007483,-0.007178,-0.000458
1765408020.838117,-6.452654,5.455523,-4.897776,-0.007636,-0.007636,-0.001680
1765408020.840367,-6.348636,5.478240,-5.110592,-0.007483,-0.005345,-0.000916
1765408020.841421,-6.296030,5.469871,-5.156623,-0.008705,-0.007330,-0.001069
1765408020.845355,-6.317551,5.437589,-5.017933,-0.008705,-0.007025,-0.002138
1765408020.848358,-6.406623,5.479434,-4.929459,-0.008552,-0.005192,-0.000458
1765408020.850391,-6.417981,5.496771,-5.048421,-0.007941,-0.005192,0.000305
1765408020.853515,-6.391678,5.463892,-4.995815,-0.009010,-0.005498,0.000611
1765408020.855392,-6.361788,5.422047,-5.007173,-0.007941,-0.006414,0.000305
1765408020.858392,-6.366570,5.491391,-5.011358,-0.007178,-0.005803,-0.000611
1765408020.860436,-6.344451,5.522476,-5.133308,-0.006109,-0.004734,-0.000153
1765408020.863383,-6.322333,5.488402,-5.119559,-0.005345,-0.003360,-0.002443
1765408020.865370,-6.440100,5.479434,-4.919894,-0.008858,-0.008247,-0.000611
1765408020.868429,-6.470587,5.485413,-4.905547,-0.009621,-0.008247,0.000764
1765408020.870397,-6.381515,5.445958,-5.016737,-0.007025,-0.005651,-0.003054
1765408020.872458,-6.386895,5.455523,-5.010162,-0.008094,-0.008247,-0.000764
1765408020.875417,-6.349832,5.505738,-5.074724,-0.007941,-0.003665,-0.002138
1765408020.878400,-6.315757,5.477641,-5.108799,-0.007483,-0.005803,-0.001527
1765408020.879385,-6.416188,5.504542,-5.012554,-0.007025,-0.005803,-0.001985
1765408020.883415,-6.416188,5.504542,-5.012554,-0.007025,-0.008094,-0.001985
1765408020.885516,-6.384504,5.462099,-5.045432,-0.008705,-0.005498,-0.000916
1765408020.888398,-6.323529,5.475250,-5.071735,-0.009010,-0.005498,-0.001680
1765408020.891194,-6.323529,5.475250,-5.071735,-0.009010,-0.005498,-0.001680
1765408020.892392,-6.341463,5.484217,-5.056192,-0.007025,-0.007789,-0.003512
1765408020.895425,-6.341463,5.484217,-5.056192,-0.007025,-0.006109,-0.003512
1765408020.898413,-6.373744,5.455523,-4.938426,-0.005498,-0.004429,0.001680
1765408020.900428,-6.423958,5.460306,-4.988044,-0.010232,-0.004429,0.001527
1765408020.903371,-6.390482,5.454925,-4.995217,-0.009163,-0.006414,0.000000
1765408020.905372,-6.349832,5.488402,-5.076518,-0.005345,-0.004887,-0.000458
1765408020.908367,-6.309181,5.483022,-5.064562,-0.009468,-0.007025,-0.001069
1765408020.910376,-6.374341,5.441773,-4.961740,-0.008094,-0.006261,-0.004429
1765408020.913356,-6.339071,5.483022,-5.074724,-0.005345,-0.007025,-0.001527
1765408020.915402,-6.394069,5.488999,-5.046628,-0.007025,-0.007178,-0.000916
1765408020.918373,-6.429937,5.468675,-4.937828,-0.009163,-0.006720,-0.000305
1765408020.920488,-6.410808,5.510521,-4.988044,-0.006720,-0.005345,0.002138
1765408020.923471,-6.371951,5.478837,-5.080703,-0.008094,-0.008247,-0.000916
1765408020.925431,-6.383308,5.488999,-4.992826,-0.007941,-0.008247,0.000305
1765408020.926413,-6.443089,5.472859,-4.967718,-0.005956,-0.009010,-0.000611
1765408020.928397,-6.412601,5.502152,-5.043041,-0.005651,-0.004429,-0.000458
1765408020.933384,-6.385102,5.468675,-5.001793,-0.008705,-0.004429,-0.000305
1765408020.935365,-6.322333,5.456121,-5.048421,-0.008858,-0.006567,-0.001222
1765408020.938360,-6.373744,5.483022,-5.062171,-0.007941,-0.008399,-0.001680
1765408020.940378,-6.302008,5.471066,-5.078909,-0.007636,-0.007025,-0.002138
1765408020.941398,-6.358201,5.438187,-4.974294,-0.008552,-0.005192,-0.000916
1765408020.945477,-6.417981,5.429220,-4.866690,-0.006720,-0.006414,-0.001680
1765408020.948403,-6.417981,5.429220,-4.866690,-0.006720,-0.006567,-0.001680
1765408020.950380,-6.321137,5.471066,-5.105212,-0.008247,-0.005956,0.000764
1765408020.953376,-6.386895,5.466283,-5.003586,-0.011301,-0.006872,0.000916
1765408020.955366,-6.458632,5.422047,-4.880439,-0.006567,-0.007789,-0.000764
1765408020.958368,-6.422763,5.453132,-4.971305,-0.005803,-0.007330,-0.002138
1765408020.960419,-6.313366,5.508130,-5.094451,-0.006872,-0.003054,-0.003207
1765408020.963428,-6.225490,5.484815,-5.208632,-0.005956,-0.003512,0.000916
1765408020.965430,-6.333094,5.454328,-5.066953,-0.009163,-0.006414,0.000153
1765408020.968458,-6.511237,5.502152,-4.845767,-0.008399,-0.008247,0.000458
1765408020.970436,-6.435915,5.502152,-5.005379,-0.006720,-0.005040,-0.000611
1765408020.972435,-6.376135,5.479434,-5.089669,-0.008247,-0.003665,-0.001222
1765408020.973563,-6.394069,5.468675,-4.996412,-0.006720,-0.006720,-0.000764
1765408020.976499,-6.540530,5.446556,-4.833811,-0.009774,-0.009010,0.000153
1765408020.980479,-6.423958,5.499162,-5.010162,-0.008399,-0.003054,0.000000
1765408020.982490,-6.316355,5.503347,-5.176948,-0.006109,-0.003054,-0.000458
1765408020.984456,-6.207555,5.497369,-5.216403,-0.006720,-0.005956,-0.001680
1765408020.988452,-6.343854,5.469273,-4.970109,-0.008858,-0.010537,-0.003207
1765408020.990384,-6.488521,5.471663,-4.819464,-0.008094,-0.010385,-0.000458
1765408020.995936,-6.488521,5.471663,-4.819464,-0.008094,-0.007636,-0.000458
1765408020.996436,-6.296030,5.476446,-5.136298,-0.008858,-0.007330,-0.001680
1765408020.998399,-6.323529,5.424438,-5.036465,-0.005803,-0.010537,-0.001069
1765408021.000410,-6.477761,5.457914,-4.903155,-0.003818,-0.009774,-0.000611
1765408021.003399,-6.406025,5.493184,-5.054399,-0.007636,-0.004734,0.000916
1765408021.005454,-6.264346,5.481826,-5.196676,-0.007636,-0.005192,-0.001527
1765408021.008413,-6.247011,5.426829,-5.105810,-0.007483,-0.008094,-0.000916
1765408021.010438,-6.412003,5.423840,-4.924676,-0.005651,-0.007789,-0.002291
1765408021.013404,-6.464610,5.474652,-4.923481,-0.007941,-0.005345,0.000611
1765408021.015397,-6.371951,5.490195,-5.075920,-0.008705,-0.005345,0.000458
1765408021.018418,-6.273314,5.469871,-5.130917,-0.010996,-0.005498,0.000000
1765408021.020446,-6.440697,5.450143,-4.940817,-0.007789,-0.008399,-0.002443
1765408021.023405,-6.469392,5.472859,-4.882233,-0.012523,-0.009468,-0.001527
1765408021.025406,-6.451458,5.517694,-5.054996,-0.007483,-0.004429,-0.001374
1765408021.028423,-6.274509,5.449545,-5.129722,-0.005956,-0.005192,-0.001069
1765408021.030417,-6.325920,5.462697,-5.026303,-0.006414,-0.005651,-0.000611
1765408021.032477,-6.361788,5.454328,-4.968316,-0.006872,-0.005803,-0.000153
1765408021.035451,-6.458632,5.488999,-4.958751,-0.007483,-0.005651,-0.001374
1765408021.037447,-6.431133,5.469273,-4.949785,-0.007789,-0.007941,0.000611
1765408021.040420,-6.412003,5.474652,-5.004782,-0.006872,-0.007941,-0.000305
1765408021.043450,-6.316355,5.484815,-5.081898,-0.010385,-0.005651,-0.001069
1765408021.045418,-6.305594,5.471066,-5.088473,-0.008247,-0.008858,0.001069
1765408021.046396,-6.333094,5.442969,-4.972501,-0.006567,-0.006567,-0.000153
1765408021.050356,-6.438306,5.477044,-4.882831,-0.008552,-0.008247,-0.001833
1765408021.053421,-6.335485,5.459110,-5.063366,-0.005192,-0.005040,-0.000458
1765408021.055414,-6.323529,5.445958,-5.120158,-0.006109,-0.007178,-0.001833
1765408021.058428,-6.379124,5.460306,-4.952175,-0.009163,-0.006414,-0.000611
1765408021.060426,-6.450262,5.445958,-4.949186,-0.007330,-0.005803,-0.001527
1765408021.063441,-6.366570,5.514107,-5.052606,-0.007636,-0.005651,-0.002902
1765408021.065401,-6.285270,5.497967,-5.154232,-0.007025,-0.006261,0.001527
1765408021.068409,-6.278694,5.425633,-5.005978,-0.007025,-0.009010,0.001527
1765408021.070402,-6.404830,5.451936,-4.893591,-0.008247,-0.003054,-0.001527
1765408021.073366,-6.331898,5.499760,-5.078909,-0.006261,-0.003054,-0.000458
1765408021.075389,-6.331898,5.499760,-5.078909,-0.006261,-0.003207,-0.000458
1765408021.084577,-6.366570,5.493783,-5.029292,-0.007941,-0.007025,0.001833
1765408021.084910,-6.449665,5.449545,-4.872070,-0.007789,-0.009468,-0.000611
1765408021.085244,-6.506456,5.432806,-4.880439,-0.007941,-0.004734,-0.001833
1765408021.185599,-6.432328,5.488999,-4.994021,-0.007330,-0.004734,-0.002138
1765408021.185799,-6.287063,5.486609,-5.212816,-0.007941,-0.001374,-0.001527
1765408021.185999,-6.315757,5.447752,-5.013749,-0.008247,-0.011606,-0.000764
1765408021.186199,-6.507651,5.451339,-4.838593,-0.009163,-0.008705,-0.002749
1765408021.186399,-6.434719,5.464490,-4.915112,-0.007330,-0.005040,-0.000305
1765408021.285690,-6.312171,5.459110,-5.143471,-0.005651,-0.003512,-0.002902
1765408021.285940,-6.263749,5.470468,-5.109994,-0.006720,-0.005498,0.001527
1765408021.286190,-6.397656,5.437589,-4.942610,-0.005651,-0.007941,0.000153
1765408021.286440,-6.496891,5.474055,-4.894787,-0.009010,-0.007941,-0.000153
1765408021.386556,-6.496891,5.474055,-4.894787,-0.009010,-0.001833,-0.000153
1765408021.386756,-6.252390,5.432806,-5.139884,-0.006567,-0.004734,-0.002138
1765408021.386956,-6.286465,5.454328,-5.050214,-0.009468,-0.007483,0.001069
1765408021.387156,-6.383906,5.496173,-4.985652,-0.008705,-0.007025,0.001069
1765408021.387356,-6.335485,5.468077,-5.058584,-0.007941,-0.007025,-0.001833
1765408021.487192,-6.335485,5.468077,-5.058584,-0.007941,-0.009316,-0.001833
1765408021.487442,-6.428741,5.439382,-4.961740,-0.010996,-0.007636,-0.001833
1765408021.487692,-6.396460,5.485413,-5.001195,-0.007941,-0.008552,0.000000
1765408021.487942,-6.351027,5.474652,-5.124342,-0.008247,-0.004887,-0.001680
1765408021.588167,-6.327116,5.469871,-5.033476,-0.008705,-0.008247,0.000611
1765408021.588367,-6.327116,5.469871,-5.033476,-0.008705,-0.006109,0.000611
1765408021.588567,-6.366570,5.497369,-5.039454,-0.007483,-0.005651,-0.001833
1765408021.588767,-6.352223,5.491391,-5.058584,-0.010537,-0.005651,-0.002443
1765408021.588967,-6.412003,5.461501,-4.906145,-0.010537,-0.008399,0.000000
1765408021.688316,-6.415590,5.456718,-4.976087,-0.006261,-0.008399,-0.002749
1765408021.688566,-6.365375,5.517694,-5.052606,-0.007789,-0.008094,-0.001222
1765408021.688816,-6.318747,5.445360,-5.092061,-0.010079,-0.009927,0.001527
1765408021.689066,-6.316355,5.434002,-5.016737,-0.010232,-0.004429,0.000458
1765408021.789442,-6.352223,5.467479,-5.020325,-0.008705,-0.008552,-0.001680
1765408021.789642,-6.304399,5.497369,-5.065757,-0.004429,-0.007330,-0.000764
1765408021.789842,-6.327713,5.472261,-5.064562,-0.007789,-0.005651,-0.002902
1765408021.790042,-6.429937,5.437589,-4.916905,-0.006109,-0.010385,-0.003054
1765408021.790242,-6.475370,5.475848,-4.908536,-0.007789,-0.010079,-0.001374
1765408021.889910,-6.475370,5.475848,-4.908536,-0.007789,-0.003818,-0.001374
1765408021.890160,-6.277498,5.457914,-5.127928,-0.004276,-0.004734,-0.002902
1765408021.890410,-6.356408,5.453132,-4.942610,-0.007178,-0.007330,-0.001680
1765408021.890660,-6.480152,5.469871,-4.928264,-0.006872,-0.005651,-0.001222
1765408021.991171,-6.431133,5.509326,-4.997608,-0.007025,-0.002749,-0.001374
1765408021.991421,-6.318747,5.517694,-5.151841,-0.006414,-0.004734,-0.001985
1765408021.991671,-6.324127,5.443567,-5.004782,-0.009774,-0.009774,-0.001680
1765408021.991921,-6.474174,5.474055,-4.888809,-0.008705,-0.009316,-0.002596
1765408022.092098,-6.493304,5.540411,-4.972501,-0.005956,-0.005956,-0.000764
1765408022.092298,-6.362983,5.491989,-5.069942,-0.006261,-0.003971,-0.001374
1765408022.092498,-6.339071,5.461501,-5.039454,-0.006567,-0.004581,0.000458
1765408022.092698,-6.402438,5.425633,-4.940219,-0.006720,-0.006720,-0.001069
1765408022.092898,-6.421568,5.502152,-4.970707,-0.008858,-0.006872,-0.001680
1765408022.193382,-6.309181,5.503347,-5.145863,-0.008247,-0.009010,-0.000611
1765408022.193632,-6.319344,5.448349,-5.033476,-0.008705,-0.009010,-0.000153
1765408022.193882,-6.393471,5.439981,-4.917503,-0.008552,-0.008705,-0.002291
1765408022.194132,-6.443686,5.491391,-5.000000,-0.007330,-0.009621,-0.002138
1765408022.294046,-6.377331,5.449545,-5.041845,-0.007941,-0.005651,-0.003054
1765408022.294246,-6.319942,5.450740,-5.027498,-0.007330,-0.008552,-0.003054
1765408022.294446,-6.394069,5.442969,-4.972501,-0.009468,-0.008399,0.000764
1765408022.294646,-6.368961,5.474652,-5.053802,-0.009468,-0.009774,-0.003360
1765408022.294846,-6.358799,5.483022,-5.066953,-0.006720,-0.009163,-0.001374
1765408022.394464,-6.358799,5.483022,-5.066953,-0.006720,-0.007330,-0.001374
1765408022.394714,-6.440697,5.457914,-4.945002,-0.006872,-0.008858,-0.000611
1765408022.394964,-6.359397,5.488999,-5.112386,-0.009621,-0.006720,-0.001985
1765408022.395214,-6.333094,5.486609,-5.077714,-0.008399,-0.005651,0.000458
1765408022.495317,-6.347440,5.462697,-5.011955,-0.004581,-0.007636,-0.000153
1765408022.495517,-6.385699,5.467479,-5.034672,-0.005651,-0.008247,-0.001680
1765408022.495717,-6.348039,5.512912,-5.077714,-0.005498,-0.003665,-0.000916
1765408022.495917,-6.382113,5.474652,-4.948589,-0.005498,-0.003818,-0.000764
1765408022.496117,-6.383906,5.462099,-4.985652,-0.007941,-0.005803,-0.003054
1765408022.596582,-6.328311,5.491989,-5.120755,-0.006109,-0.006109,-0.000764
1765408022.596832,-6.343854,5.497369,-5.046628,-0.006567,-0.005956,0.001374
1765408022.597082,-6.448469,5.466283,-4.958153,-0.006872,-0.009316,-0.003054
1765408022.597332,-6.433524,5.471066,-4.964131,-0.008705,-0.005498,-0.000305
1765408022.697057,-6.365375,5.502152,-5.079507,-0.008399,-0.005040,-0.001680
1765408022.697257,-6.393471,5.422047,-4.952175,-0.009010,-0.006109,0.001222
1765408022.697457,-6.401242,5.465088,-4.971305,-0.008858,-0.006109,0.000305
1765408022.697657,-6.379722,5.491989,-5.058584,-0.007178,-0.005040,0.000000
1765408022.697857,-6.347440,5.480630,-5.081300,-0.007941,-0.004581,-0.003818
1765408022.798108,-6.400645,5.437589,-4.961740,-0.009774,-0.010843,0.000458
1765408022.798358,-6.440100,5.468077,-4.897178,-0.008552,-0.010537,-0.001374
1765408022.798608,-6.352223,5.492587,-5.084887,-0.005803,-0.004734,-0.001069
1765408022.798858,-6.325322,5.472261,-5.104615,-0.010385,-0.005956,0.002596
1765408022.898750,-6.309181,5.466283,-5.063366,-0.008247,-0.008552,0.001069
1765408022.898950,-6.382113,5.445360,-4.991630,-0.008705,-0.006720,0.000153
1765408022.899150,-6.378526,5.536824,-5.016737,-0.008705,-0.007941,0.000153
1765408022.899350,-6.435915,5.439382,-4.974294,-0.007789,-0.010079,-0.001833
1765408022.899550,-6.420372,5.472261,-4.949785,-0.009621,-0.008247,-0.001222
1765408023.000144,-6.378526,5.506934,-5.078909,-0.008552,-0.007178,-0.001527
1765408023.000394,-6.353418,5.488999,-5.078311,-0.006567,-0.007178,-0.003360
1765408023.000644,-6.353418,5.488999,-5.078311,-0.006567,-0.004123,-0.003360
1765408023.000894,-6.448469,5.465088,-4.928861,-0.007178,-0.009774,0.000000
